dim_0,dim_1,dim_2,dim_3,dim_4,dim_5,dim_6,dim_7,dim_8,dim_9,epoch,character
-0.9444056,-0.46442387,-0.40484065,-0.99633634,-0.06200754,-0.3771126,-0.6065187,-0.9960958,-0.44084635,0.1880162,0, 
-0.6245455,-0.20203541,-0.17858677,1.3555381,0.18353184,0.3757292,-0.5599934,-0.93263227,0.56205845,0.15995531,0,e
0.5301644,0.14967704,-0.4059781,0.494409,0.6746876,-0.10774616,-1.375217,-0.88583493,0.03745251,-0.378317,0,t
-0.70637476,-0.11650027,1.663417,-0.06384415,0.13964345,-0.6845884,0.17618579,0.04045129,0.13538283,-0.42102537,0,a
-0.06759718,0.1782377,-0.09610718,-0.017527627,1.4351741,-0.63160443,0.9588473,-0.38349506,-0.56466097,0.33192033,0,o
0.04764379,-0.31415457,0.5481751,0.3173683,0.8375286,1.4487104,0.098775424,0.6747196,-0.1337019,-0.46338168,0,n
0.7414253,-0.4188637,-1.6045531,-0.36023578,-0.012284209,-0.4929188,-0.28717124,-0.48434487,-0.101445034,-0.0036354999,0,i
1.2967439,0.008014691,-0.5454982,-0.14356302,-0.77198535,-0.64414227,-0.35724738,-0.43400958,0.3065332,-0.76116955,0,r
-0.5064866,0.099775404,-0.6539739,0.7316937,-1.434386,-0.50081307,0.17163314,-0.15999313,0.2546335,-0.5019573,0,s
-0.6474892,0.45537385,-0.6519294,-0.29282367,0.18104851,1.2379562,0.41133204,0.739974,0.5077766,-0.5680915,0,h
0.81120247,-0.47662473,-0.5432302,0.651215,0.7819559,0.35388958,-0.06058052,-0.088559255,-1.231074,-0.3631124,0,l
-1.0812947,-0.8290714,0.6391635,-0.40981796,0.94052416,0.59748936,0.15017493,0.22317961,0.39184374,-0.31540272,0,d
1.1162772,-0.10183139,-0.0058787405,0.81191236,-0.8641763,0.7848352,0.04442682,0.14836606,0.31084964,-0.7752022,0,c
0.19906236,0.6748283,-0.17044762,-0.99110323,0.3571243,-0.4524827,-0.9063119,-1.0528538,0.3055053,0.37165695,0,u
1.0878235,0.31987402,0.8120347,-0.8504021,-0.6461252,-0.46600038,0.71627015,0.30421692,0.22416285,-0.20313177,0,m
0.25754854,-0.72278655,0.24201351,0.049763322,0.12576403,0.61880726,0.8155764,0.86646754,-0.3299495,1.1944308,0,f
0.3251863,-0.16567051,-0.6541803,-0.3271206,-0.48601532,-0.76114315,0.68134975,0.76891977,0.24110591,1.184352,0,p
0.7332038,-1.1045144,-0.24544579,-0.5834956,-0.0031681051,-0.047976654,0.5132369,0.7091541,0.32055908,0.98507243,0,g
-0.71614087,0.105136015,-0.12158421,-0.26612464,1.2794864,-0.22552723,0.17746036,0.9984625,0.07668668,0.8174564,0,y
-0.16212606,0.449509,-0.26975882,0.39743653,0.8463408,-0.09272832,0.24432553,-0.87662166,-1.3839842,-0.26919606,0,w
-0.40847805,0.6755445,-0.6659854,0.40133223,-1.1665236,-0.13078098,0.5495723,0.043061297,0.6833501,0.7895881,0,b
-0.2670426,0.6949425,0.120643385,0.9819198,0.9419955,0.6794249,-0.49705765,0.6420325,0.62084126,-0.27079928,0,.
0.117381535,-0.3084333,0.782553,0.95109653,0.88609076,-0.23200926,-0.14555576,-0.7729064,0.6697265,0.68412477,0,","
0.21892163,0.21682826,-0.04470254,0.1913571,0.53131974,-0.7749696,0.96544546,-1.32421,-0.5204919,0.16442287,0,v
0.20256223,0.8836306,1.3800688,-0.52396053,-0.701321,-0.1903455,-0.21624878,0.0012535488,0.35334915,-0.54711753,0,k
-0.46544853,0.8211851,-0.08592261,-0.95942557,-0.07382942,0.4579708,-1.0214939,0.728339,0.13620591,0.6111171,0,'
1.0596693,0.44796124,-0.1933401,-0.76117194,-0.54261166,0.692881,-0.48986417,0.33699462,-0.2581795,0.9300369,0,T
-0.322044,-1.4607208,-0.6597977,-0.6644854,0.45022577,-0.29440537,-0.1170119,-0.019836232,0.42723677,0.63222915,0,-
0.5673597,-1.3035381,-0.2326711,-0.4493105,0.21434204,0.77703583,0.2078253,-0.3937939,-0.16209564,-0.92119956,0,S
0.19732167,0.08412901,-1.1429225,-0.79001063,-0.64273065,-0.34723133,0.7279502,-0.04305137,0.86566794,0.4569238,0,M
0.47052127,0.8173295,-0.50805044,0.30614048,0.625669,-0.18966848,0.083303526,1.3976558,-0.36526635,0.48734865,0,`
0.16121645,-0.2516796,0.12982343,0.52016026,-0.1704453,0.09848448,0.77976024,-1.485932,-0.65922844,-0.5778345,0,C
0.5435812,-0.7272708,0.029381648,-0.28047553,1.1687498,0.4034829,-0.58594114,-0.6890543,0.6454073,0.5767307,0,A
-0.91733193,-0.7235866,-0.6368885,0.67742336,-0.01730065,0.99375796,-0.54652995,-0.47306213,-0.5099581,0.00059481256,0,1
0.456965,0.09654384,0.091688916,-1.4827511,0.22770679,0.29518256,0.811557,0.80190116,0.12576455,0.34414285,0,0
-0.21683587,-1.0514865,0.12665594,0.46955425,0.33889735,-0.970863,-0.42627355,-0.77599186,0.8770503,-0.01787135,0,B
0.44709533,0.028853416,-0.91309184,0.45850307,-1.4246637,-0.11628667,0.17925294,0.58129954,-0.30033004,0.5018802,0,H
0.0006939212,-0.97859925,-0.7042161,0.5705432,0.82957095,-0.66417813,0.92641056,-0.22381328,-0.13151753,-0.4073772,0,P
0.47673565,0.29220387,-0.7091351,0.68635213,-0.390102,-0.109646305,1.0443926,-0.9685554,0.55598134,-0.45958152,0,x
0.7791207,0.31007937,-0.16827454,1.1453884,-0.019380596,-0.05821662,-0.38392857,-0.39462787,-0.26304856,-1.2571791,0,I
0.34581417,-1.3018839,-0.85507154,-0.02510481,-0.24393778,0.12848356,-0.25160435,-0.110890694,-0.5302496,1.0104225,0,W
0.61099374,-0.45477438,-0.96037006,0.27690455,-0.6801089,-0.5457875,-0.45518345,0.31859577,-0.35494202,0.68589437,0,D
-0.20073192,-1.28651,-0.681924,-0.033560917,-0.05054499,-1.2351344,0.29700366,0.269871,-0.11078699,0.37016818,0,R
0.22858885,1.2273537,0.51142037,0.776671,0.8219174,0.057431854,-0.874595,-0.05800589,0.13435912,0.33376825,0,F
0.4750905,-0.114694536,0.050405193,-0.28244507,-0.23169652,-0.81027234,1.2295886,-1.1952845,-0.006213037,0.16721733,0,L
0.16561751,0.15168075,-0.25048125,0.5759244,1.0915914,-0.6412614,0.448056,0.13366202,-0.8555786,1.0008556,0,G
-1.3543334,0.196807,-0.8760209,-0.62160796,0.44305447,0.5963965,0.20984729,0.34637946,0.48697454,-0.14175354,0,J
-0.38716367,0.54765385,-0.15892038,-0.73604894,-0.23351878,-0.5403915,0.15708433,-0.597623,-0.88390934,0.60767305,0,2
-0.3470629,-0.028215073,-0.50087875,-0.5857024,0.64880633,0.60660726,-0.3843554,-0.3438595,-1.3476403,-0.6432719,0,N
-0.5439237,0.6060995,-1.0040317,0.13068353,-0.09181975,-1.1576991,-0.7238034,0.09901169,-0.065201096,0.65191144,0,5
0.16425358,-0.31606898,0.1285228,-0.5276514,1.0834497,0.7274637,0.5772562,0.53688127,-0.43616116,0.27676934,0,j
0.27951148,-0.53431547,0.4924202,1.2709074,-0.22653767,-0.064481564,-0.14265703,0.49650717,-0.20073229,-1.1899817,0,9
0.014289389,1.1117917,-1.3708848,0.088752896,0.3558751,0.24806921,-0.542536,-0.22240376,0.2800181,-0.5158563,0,E
0.5553039,1.0620528,0.23666815,0.93071294,-0.001581818,-0.19370024,-0.6403258,0.014540674,0.9764913,-0.49005833,0,O
-0.8899761,0.50946605,0.59370863,0.24273425,0.1960228,0.67633617,0.028694768,-1.3598148,0.3752822,-0.22442208,0,q
0.28346202,0.23912631,-0.4169917,0.7714846,0.387783,-0.66574746,-0.35282522,1.215368,0.7957219,0.5148042,0,K
-0.5859346,-0.8180499,0.5493551,-0.56951636,1.1118413,0.74460536,-0.3427784,-0.49045834,-0.45968527,0.036737632,0,3
-0.78146404,0.31946042,0.82106584,0.8643154,0.49166813,0.4453802,-0.88726664,0.52979743,0.2683995,0.3501149,0,6
-0.149801,0.5868402,-0.49261963,0.77844286,-0.50470215,0.46064487,0.8225813,-0.45686874,-1.094961,-0.4830156,0,z
0.10384952,-0.92124456,0.40213966,-0.66866696,0.4632534,-0.2538706,0.064965434,0.4358153,0.13848457,1.4280423,0,;
-0.7749308,0.1828327,-0.032993697,-1.5123478,0.73307115,0.14589134,-0.6128651,-0.325774,-0.15187117,-0.11956059,0,4
0.7127422,-0.3515524,-0.53529924,-0.37246943,0.5786756,-1.0741986,-0.39337292,-0.97490555,-0.27662253,-0.5221673,0,U
-0.24484816,0.74375206,-0.5837816,-0.48842117,-1.0571367,-0.32232752,-0.16776566,-0.9000873,-0.57692564,-0.6441641,0,7
0.92899513,0.12680514,-0.09316358,1.2459056,0.42213127,0.5176927,0.009625858,0.97401303,0.1651497,0.3710238,0,8
0.7343394,-0.33342752,0.8630953,-0.6628608,1.1387721,-0.025092805,0.13750067,0.6737857,0.28752106,0.5588025,0,$
0.6850165,-0.83022815,0.39220595,0.6740528,0.17975077,1.0575194,0.18596405,-0.8602075,0.44829878,0.32730898,0,:
0.04572741,0.93550617,-0.113737,-0.14904249,-0.35749492,1.270662,-0.17290387,0.6735768,0.01045797,0.9281656,0,)
-0.89829814,0.092212126,0.15058467,1.0238729,0.60723937,-0.17008428,-0.6434127,0.50411004,-1.0067694,-0.18494979,0,(
-0.16719793,-0.57103693,0.6927028,1.1409178,-0.21093756,0.075474635,-1.198812,0.56951904,-0.18434256,-0.13694876,0,Y
0.9527397,0.37591505,0.19175665,0.24565923,-0.30969608,0.04427281,-0.7659304,0.45390058,-1.3073082,-0.50423545,0,V
0.23818474,0.52856046,0.3626814,-0.09201953,0.5868823,0.027146446,0.23669206,-1.5409604,-0.8583899,-0.10631649,0,?
-0.64826465,0.21244901,-0.35495493,0.61154056,1.2337431,-0.09240837,0.93606704,-0.32294494,-0.26032922,0.675052,0,!
-1.0973896,-0.36543983,0.7580164,0.17426488,-0.8555198,0.5487989,0.21973996,0.015693909,-0.23469952,0.95943856,0,&
-0.16091034,-0.021564182,0.3742747,1.0379734,-0.88109446,-0.5488589,1.0122603,0.068985544,0.7086482,0.38338795,0,%
0.06741284,-0.4764922,0.75994426,1.1194106,0.60358757,-0.47549218,-0.94328177,-0.5337271,-0.32737422,0.25609508,0,Z
-0.7604088,-0.5382377,0.6590388,0.06709713,0.37033144,1.0077863,-0.82468927,-0.8136388,0.14354047,-0.42159256,0,Q
0.94008505,0.4155719,-0.45815206,0.8793591,0.526202,-0.40874803,0.8282695,-0.82938474,-0.3737019,0.05327716,0,/
0.0,0.0,0.0,0.0,0.0,0.0,0.0,0.0,0.0,0.0,0,~
-0.66423154,-0.45584434,-0.66002697,-0.9819601,-0.6794661,-0.24644479,-0.64360565,-0.6719752,-0.7128647,0.23400114,1, 
-0.5960722,-0.44003773,-0.24488011,1.2132161,0.3470736,0.09124145,-0.54027534,-0.9952136,0.52889526,0.39898315,1,e
0.5787282,0.8947508,-0.59899646,0.34309164,0.1923665,0.4671941,-1.2028422,-0.5824901,0.17640816,-0.5584732,1,t
-0.8026474,-0.26227942,1.5109878,-0.078713425,0.2502134,-0.93945664,0.18448845,-0.13446595,0.01285196,-0.01478259,1,a
-0.08969812,0.10007085,0.04591283,0.11411082,1.4306896,-0.55800575,0.7592003,-0.31899893,-0.68652135,0.67757666,1,o
-0.3819123,-0.7378173,0.59319216,-0.02518333,0.39430246,1.467707,-0.14090326,0.53638875,-0.34493378,-0.40148672,1,n
0.26838747,-0.6829537,-0.9411698,-0.3219632,0.54920584,-1.3113799,-0.11703451,-0.55777705,0.23286444,0.26776665,1,i
1.268936,-0.14334023,-0.072203286,0.021160418,-0.3554858,-0.6514046,0.049417265,-0.24066308,0.39028794,-1.2649938,1,r
-0.87485844,0.06313243,-0.20384587,0.8926421,-1.0102326,0.119045176,0.20292865,-0.00039816392,0.77787894,-0.84335977,1,s
-0.28547427,0.65356207,-0.41865844,-0.12410123,-0.12797993,1.0785319,0.69722813,0.8982181,0.25683072,-0.846905,1,h
0.75037515,-0.50962526,0.08949967,0.7280175,0.76477426,0.34574333,0.6813434,0.31857747,-0.9865402,-0.62912506,1,l
0.4488436,-0.25616026,0.17636393,-0.109954834,0.6551583,0.48152718,1.1639774,-0.00020598531,0.6450098,-1.1214921,1,d
1.0661811,-0.74121404,-0.2896458,0.6193563,-1.1908733,0.12846947,-0.21071965,-0.24757743,-0.55170965,-0.039959457,1,c
0.1261148,0.65903294,0.40766868,-0.5835748,0.2149035,-0.6602565,-0.46473417,-1.2989162,0.76665384,0.26452908,1,u
0.9897376,0.34436008,0.26209483,-0.9576164,-0.71877366,0.060215518,0.58794725,0.89758354,0.13028166,-0.47701126,1,m
0.27506623,-0.2548871,0.018398523,0.09353498,0.06421182,0.9337631,0.6903102,0.98889005,-0.59555155,1.0794137,1,f
0.542096,-0.07575967,-1.0886393,0.1300768,-0.65057737,-0.43563107,0.8332848,0.40601805,0.55274653,0.848863,1,p
1.1211367,-0.27312598,-0.6360977,-0.18747807,0.06979307,0.5376304,0.6212409,0.817453,0.34738272,0.87173575,1,g
-0.19911364,0.51116157,-0.21429569,-0.124316506,0.9781565,0.14945467,0.6381766,1.3271394,0.5332415,0.26194397,1,y
0.2503232,0.9122183,-0.27910998,0.77358073,0.72442186,0.6668391,0.0993628,-0.010099273,-0.8404813,-0.86198694,1,w
-0.12522091,0.9947013,-0.6723501,-0.08868016,-0.70428497,-0.030499076,0.99324924,0.73720425,0.19138898,0.68657017,1,b
-0.13154896,0.44988698,0.6018813,0.85137445,0.848522,0.8372061,-0.17232366,0.89200896,0.66757834,-0.035455126,1,.
-0.08718254,0.056780048,1.1791747,0.8486147,0.9718757,-0.034928337,0.12097655,-0.09694009,0.82368124,0.47992688,1,","
0.93889236,0.9854317,-0.5102017,-0.49594963,-0.38562974,0.3690015,0.6299026,-0.6159379,-0.17528693,-0.7412005,1,v
0.32614955,1.2449104,1.0172178,-0.11893578,-0.54088354,-0.16662426,0.51124114,0.03560047,0.6180404,-0.56204325,1,k
-0.7419297,0.8618497,0.37769082,-0.5998055,0.5286452,0.25776437,-1.0809231,0.77164274,0.28056398,0.12603936,1,'
1.0582433,0.4114841,-0.26230296,0.31829765,-0.58859414,0.43849015,-1.1085454,-0.3201022,0.31521082,0.22996674,1,T
-0.82764363,-1.086461,-0.44806424,-0.7549509,-0.2906588,-0.42140877,-0.33340046,-0.10487696,-0.12212557,0.9822209,1,-
-0.06454264,-1.4926252,0.07375912,-0.48151028,-0.612057,0.20847477,-0.16124062,-0.62070465,0.2052472,-0.67106,1,S
0.22771399,-0.37376705,-0.51811236,-1.0097865,-1.1676879,-0.40070498,0.7993384,-0.29558074,0.3913339,0.21105541,1,M
0.22895858,0.7631857,-0.8362041,-0.031682752,0.5794463,-0.16507562,-0.6262968,0.41343978,-0.82085925,0.9737887,1,`
0.35792363,-0.37534407,-0.528631,0.46582264,-1.1427947,0.12055175,0.26589978,-1.1238809,-0.6425172,-0.076309286,1,C
0.08792375,-1.2662795,0.47513193,-0.09044161,0.46315548,0.37944812,-0.40065053,-0.7519784,0.47001925,0.3646515,1,A
-0.75602216,-0.2945357,-0.52796227,0.49902096,0.3388439,0.43453118,-0.73916817,-0.30141166,-0.40680435,1.0515348,1,1
-0.53407294,-0.3298551,0.51045763,-1.0518178,0.9490567,0.04589004,-0.13739857,0.45914534,0.041057754,1.0348314,1,0
0.029193025,0.42778346,-0.8051821,0.14353581,-0.24393246,-0.1575193,0.07994882,0.12004179,0.3167573,0.039650626,1,B
0.05668951,0.65620095,-0.18007599,0.26416442,-1.3272026,0.47866604,0.7257128,0.8079613,0.21687913,-0.4752657,1,H
0.5272169,-0.4411458,-1.580404,0.662773,-0.019266758,-0.4488231,0.59860104,0.020840794,-0.11048696,0.13307835,1,P
-0.86686575,0.084868304,-0.68664235,0.8958325,-0.5660582,0.18754777,0.56249714,-0.82255775,0.654292,-0.31257302,1,x
0.2776816,-0.097161755,0.40362695,1.2409244,0.80126923,-0.5682475,-0.3385118,-0.5719676,-0.3254432,-0.52600366,1,I
0.5413492,-0.25826502,-1.1465647,0.37222967,-0.8658841,0.9647924,-0.08984881,0.55925614,0.010836578,0.24179891,1,W
1.3933184,-0.24811105,-0.2950248,0.37399405,-0.905397,-0.5471422,0.42254665,0.38061267,0.41085786,-0.3155917,1,D
0.6180163,-0.8879119,-0.43341553,0.5001794,-0.297029,-0.53844947,0.8706671,0.46356776,0.67303485,-0.76652044,1,R
0.8347859,0.6067612,0.07476293,0.4288804,-0.17185023,-0.26499844,0.24233837,0.08636774,-0.32742888,0.6121938,1,F
0.114837006,0.38705495,-0.13654833,-0.095632054,-0.8339239,-0.066802345,1.0000894,-0.839439,0.31383747,-1.1322099,1,L
0.7703238,0.26068428,-0.267405,1.0574259,-0.2118201,-0.5968774,1.1657236,0.18194848,-0.12491723,0.3599475,1,G
-0.3097567,-0.039102558,-1.5236802,-0.49522144,-0.20652515,-0.08549425,0.3773879,-0.6959974,0.71875465,-0.36179367,1,J
-0.7936524,0.6556342,0.43421772,-0.187352,0.053588815,-0.37119642,-0.25464478,-0.3744823,-0.5979646,0.91268426,1,2
-0.5532371,-0.6823213,0.40045133,-0.114499345,-0.38627717,0.74859136,0.29374096,0.15107337,-0.7329727,-0.6856773,1,N
-0.98679256,0.14776802,-0.27635905,0.29460967,0.2465246,-0.565831,-0.9081771,0.340077,-0.1437153,1.061752,1,5
0.36777955,0.053572115,0.0665232,-1.1092755,0.5819831,0.013486148,1.3346213,0.42006385,-0.21953377,0.53122586,1,j
-0.64785117,-0.685927,0.4095796,1.0405444,-0.3264895,0.081692815,-1.1625438,0.28579414,-0.5543979,-0.07410589,1,9
-0.9085924,-0.2653674,-0.79740226,0.40684032,-0.23525968,-0.32343587,-0.6691701,-0.64120996,0.91084707,0.22562021,1,E
0.16967699,0.6706613,0.09560105,0.4895949,-0.16173884,-0.7046852,-1.103662,-0.52557325,0.36345094,0.099409096,1,O
-0.18955497,0.7619959,-0.5635412,0.48554954,-0.123138286,0.5805575,0.8431601,-0.97228503,0.280513,0.8619391,1,q
0.80153483,-0.045842808,-0.68215895,1.1337749,-0.89343745,-0.39693055,-0.2797302,0.6439041,0.34503475,-0.19224632,1,K
-1.1221156,-0.84027374,0.36354265,-0.49881884,0.79583013,0.23854405,-0.60388345,-0.29965967,-0.31461746,0.56358814,1,3
-1.3163422,0.0028654644,0.19544978,0.25171962,0.07546018,0.028872443,-0.91171795,0.28920907,-0.19454017,0.84888524,1,6
-0.117571406,0.65190136,-0.42251605,0.58569616,-0.1957723,0.06433257,1.1341399,-0.15972105,-0.12830016,-0.758523,1,z
-0.16545743,-0.23541544,0.92345214,0.14081895,0.73296857,0.6483621,0.060243275,1.2101552,0.64241403,0.45408368,1,;
-1.0926455,0.0034547132,0.33156005,-0.7997888,0.9175813,0.19805627,-0.7308129,-0.2509598,-0.04924109,0.61105597,1,4
0.83483547,-0.7934192,-0.32030848,-0.37678805,0.20316654,-1.078882,-0.20310944,-0.7320938,-0.26601437,-0.69535375,1,U
-1.1795837,0.64666635,0.1626481,-0.052157752,-0.27238443,-0.36404312,-0.5642379,-0.13985324,-0.38924757,0.655539,1,7
-0.26923078,-0.688826,-0.032820493,0.67637205,0.09892302,-0.17363456,-0.89637744,0.59651214,-0.15554672,1.2796562,1,8
-0.3853025,-0.80876344,0.5113149,-0.6257273,0.18570386,0.27649373,-1.0113063,-0.6203539,-0.8142671,0.60242873,1,$
0.016817084,-0.41104856,0.7885952,0.8640193,0.589698,1.0124761,-0.2998661,-0.49183545,0.60588175,0.6165755,1,:
-0.6633588,0.36485514,0.548001,0.31762466,0.37938708,0.1583275,-0.035604462,0.47192967,0.61764187,1.49645,1,)
-0.684016,0.19887763,0.83067983,1.3240081,0.77716243,-0.16517575,0.13117416,0.6253105,-0.095779635,0.0242022,1,(
0.14794657,-0.521558,0.018573133,0.44922963,-1.0466608,0.3141413,-0.56541693,0.9827021,-0.559376,-0.44286308,1,Y
0.52633834,0.08430879,0.84345055,0.95920473,-0.5844164,-0.22067218,0.15020214,0.4873839,-0.29257634,-0.11698391,1,V
-0.16536576,0.8829298,0.78373563,0.68872744,1.094066,0.7385237,0.22216395,-0.40062502,-0.050263096,0.00016827579,1,?
-0.46534067,0.7449524,0.011036002,0.9498064,1.2830194,0.649717,0.46944246,0.117253274,0.15161817,-0.02943053,1,!
-0.8406162,0.07254431,0.97123164,0.81044686,-0.2872288,1.0540493,0.16217552,0.4745424,0.23770382,0.43182373,1,&
-0.3729552,-0.05731644,0.34334007,0.7382532,-0.65871257,-0.65372324,1.1017724,0.4554623,0.6736085,0.36369666,1,%
0.67945236,-0.18100367,0.66083246,0.9179961,-0.012412565,-0.11665123,-0.04216497,-0.09740957,-0.14177263,-0.3443865,1,Z
-0.41126737,-0.33273864,0.3837119,-0.0019424128,-0.3977144,0.88499635,-0.6101537,-0.9324821,0.062233824,-0.048831455,1,Q
0.45148018,0.29864204,-0.55979365,0.5673074,0.8457066,-0.4094736,0.30401728,-1.1229209,-0.7798142,0.47529262,1,/
0.0,0.0,0.0,0.0,0.0,0.0,0.0,0.0,0.0,0.0,1,~
-0.7147211,-0.43807128,-0.57567847,-0.9298078,-0.7234354,-0.13804781,-0.66057897,-0.6788921,-0.78174233,0.2247713,2, 
-0.66252923,-0.4501796,-0.22468808,1.2540132,0.33223155,0.07836937,-0.56617016,-0.8762558,0.60686547,0.3992354,2,e
0.5996744,0.9047388,-0.55336285,0.38334754,0.2058531,0.5490289,-1.1961448,-0.52137685,0.18101367,-0.53805345,2,t
-0.85152453,-0.35126033,1.5001869,-0.047322713,0.17114308,-0.9094546,0.14166974,-0.12888582,-0.07003562,0.027155394,2,a
-0.1038416,0.11550172,0.02995676,0.13439037,1.3982829,-0.51832557,0.7903297,-0.25362068,-0.6956962,0.65981317,2,o
-0.3247594,-0.72284657,0.61870086,-0.10387092,0.3947577,1.478854,-0.25128016,0.5522733,-0.32759616,-0.3644879,2,n
0.27047125,-0.668995,-0.9640841,-0.24539293,0.6643837,-1.3188071,-0.12591,-0.3921326,0.2713142,0.25636634,2,i
1.241973,-0.16015743,-0.042174194,0.05322051,-0.2435964,-0.7167692,0.028311485,-0.24121432,0.39715734,-1.2796186,2,r
-0.8357271,0.14780356,-0.15985774,0.94101536,-0.9840501,0.20996119,0.24021387,0.048087727,0.8203089,-0.78948635,2,s
-0.23151584,0.71091855,-0.5169824,-0.06725035,-0.05525452,1.1138482,0.7048507,0.8721347,0.2021682,-0.7825927,2,h
0.7165698,-0.47490793,0.08778499,0.76953375,0.7205161,0.22273481,0.6672451,0.30248606,-1.0200734,-0.5832402,2,l
0.4417126,-0.25727615,0.22768892,-0.13564633,0.6810385,0.59376335,1.0420955,-0.091620706,0.69374204,-1.1176236,2,d
1.0453742,-0.90139586,-0.20262751,0.57916,-1.1412451,0.048002157,-0.14574105,-0.237899,-0.57931256,0.0032245666,2,c
0.20048325,0.6036661,0.42628533,-0.5581102,0.25474182,-0.5911082,-0.42988744,-1.3343482,0.7952072,0.30040205,2,u
0.8406487,0.2646715,0.43113217,-0.98418194,-0.7286213,0.031240007,0.51188004,1.0038793,0.1109318,-0.5047813,2,m
0.3491766,-0.070107125,-0.06927283,0.0646881,0.05958759,0.81395555,0.6010694,1.0671856,-0.74027425,1.065094,2,f
0.46257117,-0.14852183,-1.0580084,0.03013198,-0.7654666,-0.36919808,0.8011037,0.38235483,0.5441376,0.91458505,2,p
1.1143804,-0.2052275,-0.6375618,-0.17083883,0.24861382,0.6801289,0.45336077,0.73621726,0.45755544,0.7944761,2,g
-0.25727415,0.54728854,-0.04902531,-0.13128941,0.8839107,-0.033708587,0.38641143,1.5608103,0.48315904,0.115436174,2,y
0.115036026,0.9877366,-0.35297254,0.81152046,0.7006707,0.6198568,0.008857313,0.077560835,-0.8485361,-0.70349103,2,w
-0.26133823,1.108389,-0.5691894,-0.11560794,-0.57525384,-0.061785094,1.0388798,0.7151856,0.07124087,0.65445334,2,b
-0.05269079,0.64915127,0.71580136,0.9707911,0.77951056,0.71635544,-0.1369633,0.76217,0.6328791,-0.0043881806,2,.
-0.085195884,0.02759385,1.1929759,0.8040071,0.92344403,0.006774528,0.29589182,-0.03472848,0.8358986,0.5311134,2,","
0.74349016,1.0479227,-0.4525737,-0.5475263,-0.3825665,0.32363132,0.6653143,-0.6443486,-0.19322133,-0.8355924,2,v
0.1473668,1.1822293,1.0642241,0.055328425,-0.48899004,-0.21669492,0.5069383,0.17491148,0.6852512,-0.633849,2,k
-0.7530639,0.83185273,0.28198314,-0.6518265,0.4612843,0.12029048,-1.1955496,0.71730936,0.20545699,0.15227075,2,'
1.0236325,0.41471055,-0.23543599,0.17286374,-0.6480601,0.32025927,-1.2298379,-0.5184388,0.26565588,0.41578403,2,T
-0.7670105,-0.9135627,-0.41314694,-0.7027457,-0.4504688,-0.42379403,-0.4161269,-0.20027089,-0.17410927,1.1342168,2,-
-0.15431023,-1.5083908,0.16910541,-0.45133618,-0.7231731,0.24043301,-0.23611335,-0.5588654,0.41329378,-0.59073204,2,S
0.2937706,-0.62349784,-0.32876432,-1.0084374,-1.1646688,-0.37073833,0.84425926,-0.18447049,0.35507658,0.17673753,2,M
0.34787917,0.5278419,-0.7049731,-0.05744311,0.5084763,-0.15918377,-0.53492045,0.404297,-0.8454936,1.0314863,2,`
0.31452683,-0.2997065,-0.4332585,0.48602584,-1.1570299,-0.014913481,0.073510766,-1.1535813,-0.7591309,0.0085331695,2,C
-0.3163194,-1.4108387,0.81248134,-0.2616275,0.32461244,0.28398508,-0.23364946,-0.78958684,0.35544595,0.3634176,2,A
-0.87220484,-0.19433543,-0.30619922,0.44612426,0.52395403,0.3052575,-0.46272,-0.191086,-0.37474698,1.1552784,2,1
-0.38323808,-0.23650673,0.41479853,-1.1262977,0.9105565,-0.012196292,-0.3044484,0.5178914,0.09311386,0.812967,2,0
-0.017372323,0.64674723,-0.92942387,0.29145798,-0.34047928,-0.098396935,0.1823065,0.18729869,0.25043887,0.31283957,2,B
-0.22715853,0.7717173,-0.05821471,0.19450559,-1.2529358,0.68239933,0.7271866,0.6055032,0.21808176,-0.39027125,2,H
0.2732434,-0.54792935,-1.58093,0.55699974,-0.18735857,-0.5576441,0.50375247,0.18823652,0.016963413,0.26388043,2,P
-0.81461364,0.02667749,-0.3744639,0.7893648,-0.42592156,0.21035446,0.89019454,-0.9100857,0.60596114,-0.23668076,2,x
0.37821084,0.020319218,0.39089206,1.2086985,0.8981461,-0.5479684,-0.43861246,-0.35299668,-0.25465268,-0.45611468,2,I
0.28515187,0.022721006,-1.1845436,0.29427606,-1.018668,0.97246844,-0.20281027,0.48066118,-0.07561364,0.079725,2,W
1.3390492,-0.38194543,-0.031177353,0.38292837,-0.66707766,-0.4950039,0.5796518,0.65576154,0.5388423,-0.14312585,2,D
0.27546418,-0.8918422,-0.674118,0.20205404,-0.35157666,-0.6085795,0.82106125,0.30827576,0.8157524,-0.83956695,2,R
0.6993269,0.3804826,0.2540584,0.37813374,-0.16044362,-0.24598055,0.28118348,0.33289123,-0.33371586,0.7660704,2,F
0.14810011,0.47314194,-0.33152488,-0.3969704,-0.7288483,-0.040405966,1.0617453,-0.55584013,0.38634098,-1.1351434,2,L
0.7310939,0.30498326,-0.30180928,1.0786036,-0.23192996,-0.42557743,1.0617162,0.098105155,-0.08905268,0.38772956,2,G
-0.29420117,-0.091370456,-1.3833919,-0.72485155,-0.045709796,0.082389645,0.25546905,-0.6538939,0.8161049,-0.3512593,2,J
-1.1139312,0.5784381,0.49375603,0.0576518,-0.048735585,-0.2984856,-0.45563665,-0.41443834,-0.5231023,0.74336076,2,2
-0.8966586,-0.9500697,0.36107907,-0.22960006,-0.6677852,0.918747,0.20056912,0.050816506,-0.621799,-0.4810643,2,N
-0.84658533,-0.1280848,0.124172814,0.14701974,0.32353824,-0.39768094,-0.83105385,0.25989607,-0.20413776,1.4596645,2,5
0.4555871,-0.14396161,0.23180081,-1.2646863,0.53467727,0.06256632,1.2334862,0.30811673,-0.15270637,0.4347572,2,j
-0.8060106,-0.62084335,0.51248765,0.8638828,-0.23543961,0.13460538,-1.1751707,0.10235399,-0.6355184,0.10861595,2,9
-0.6927871,-0.13961709,-0.79768527,0.5840408,-0.25274882,-0.17646372,-0.650218,-0.6457103,0.80835503,0.23788619,2,E
0.10783651,0.88082135,0.29675728,0.13087264,-0.29019374,-0.62895066,-1.1161497,-0.4218554,0.2812592,0.07611501,2,O
-0.031225855,0.66020805,-0.3855166,0.28013834,0.08731477,0.74721795,0.8566742,-0.9759524,0.36152425,0.9762259,2,q
0.8348468,0.27736968,-0.64367574,1.014046,-0.85887796,-0.44444636,-0.3461844,0.5187015,0.6350637,-0.1254917,2,K
-1.1776433,-0.40607876,0.1868184,-0.32541773,0.8342502,0.16507365,-0.48048943,-0.18671717,-0.008460484,0.69057876,2,3
-1.4163439,-0.0666445,0.28827193,0.27356216,0.02107837,0.05209867,-0.54828143,0.4809717,-0.34484386,0.84675837,2,6
-0.60399926,0.58952385,-0.50359535,0.38889295,-0.44329613,0.55742204,1.2625366,0.013488716,-0.09395686,-0.57632434,2,z
-0.36056173,-0.6590023,0.95275533,0.097104385,0.5744186,0.68267477,0.20421234,1.1263396,0.43765017,0.4697407,2,;
-1.1719515,-0.13026708,0.23000039,-0.48423615,0.7258787,0.38890484,-0.8295004,-0.4232918,0.054635353,0.7400769,2,4
0.68827254,-0.70447254,-0.078234866,-0.48574054,0.20939082,-1.0765939,-0.42187962,-0.90138316,-0.21426626,-0.74071,2,U
-1.1023306,0.31679776,0.18002066,0.045738846,-0.006934018,-0.4220043,-0.64593303,0.15438175,-0.46192774,1.0092605,2,7
-0.5533288,-0.29865,0.15460035,0.48388,0.07000054,0.08852198,-1.0518999,0.5914399,-0.07210205,1.0936127,2,8
-0.40532988,-0.5847837,0.5032274,-0.45741823,0.53309906,0.15488335,-0.9930716,-0.7528228,-0.98199904,0.45368192,2,$
-0.12377047,-0.2133492,0.66683686,0.9498883,0.7715901,1.0239042,-0.513924,-0.37729734,0.43153727,0.34360257,2,:
-0.6562483,0.43879545,0.6501731,0.25095615,0.12866905,0.13927771,-0.065913185,0.6261643,0.6411426,1.4309605,2,)
-0.9041839,0.07242616,1.0366715,1.2434043,0.35191813,-0.25489628,0.2963261,0.51516604,0.11117826,0.04559113,2,(
-0.2730386,-0.30708238,0.04127331,0.35535994,-1.221942,0.30592984,-0.8238551,0.9819924,-0.48824966,-0.48476446,2,Y
0.70926684,0.22290047,0.62507504,1.1526217,-1.0138149,-0.08558046,0.654385,0.12983365,-0.37364745,0.006253896,2,V
-0.43953547,0.53912854,0.6822142,0.81041855,1.0653335,0.9997323,-0.023560295,0.063021556,-0.12483628,0.48932955,2,?
-0.5268264,0.67167753,0.1688879,0.9844638,1.1708566,0.74761146,0.15474246,0.27945203,-0.0014857587,0.49167314,2,!
-0.8564482,0.20838764,0.9375106,0.9194309,-0.18537171,0.9964502,0.0082428325,0.48061216,0.3968848,0.28799728,2,&
-0.37282017,-0.21167786,0.3972662,0.43851686,-0.6071349,-0.9476768,1.2292783,0.5634218,0.35636804,0.49376857,2,%
0.79658777,-0.3136933,0.5332838,0.54016894,-0.32922184,-0.3503043,0.0016030376,-0.49932703,0.031502936,-0.39657062,2,Z
0.034748185,0.3409374,0.09340359,0.64364594,-0.2902762,0.70367086,-0.011613022,-0.9996644,0.38374624,0.5595709,2,Q
0.49861318,0.5952859,-0.624242,0.3649331,0.94962513,-0.1840099,0.20374417,-0.8189346,-0.9978781,0.48019925,2,/
0.0,0.0,0.0,0.0,0.0,0.0,0.0,0.0,0.0,0.0,2,~
-0.72051674,-0.45463842,-0.5555356,-0.91810393,-0.7159679,-0.17762117,-0.64308107,-0.71459407,-0.75167984,0.29873788,3, 
-0.6562311,-0.47549462,-0.24852552,1.1812457,0.33078986,0.12636296,-0.6168846,-0.8196794,0.62925833,0.43278667,3,e
0.6080693,0.8793557,-0.5355623,0.45144752,0.18273543,0.57439846,-1.2282815,-0.48327383,0.20851889,-0.46617395,3,t
-0.83033764,-0.30864865,1.5371604,-0.0010954414,0.14523718,-0.88653165,0.108346924,-0.13975677,-0.115926914,0.025889924,3,a
-0.06603515,0.12575759,0.06664265,0.110168286,1.4201021,-0.54080266,0.7658905,-0.2000716,-0.7199041,0.6611777,3,o
-0.32362038,-0.6876237,0.61854213,-0.08140074,0.37652084,1.4806703,-0.31381467,0.58563477,-0.33331516,-0.36151323,3,n
0.24639739,-0.6736908,-0.9995559,-0.2334018,0.6135772,-1.3430959,-0.1798338,-0.33769318,0.22695425,0.23145449,3,i
1.2068367,-0.17442209,-0.12196583,0.018458683,-0.2507384,-0.70009816,-0.051129866,-0.19225068,0.44670236,-1.3060552,3,r
-0.93028873,0.14025803,-0.09418124,0.84683245,-0.9534148,0.1356705,0.20212081,0.05612028,0.9078655,-0.770238,3,s
-0.30986866,0.74599034,-0.48527205,-0.040969588,-0.12955908,1.0793432,0.6808773,0.882949,0.17483963,-0.80752313,3,h
0.6649221,-0.54753184,0.1114376,0.81498224,0.71927625,0.26439458,0.6646697,0.24592742,-0.98545086,-0.59037614,3,l
0.40480807,-0.23854998,0.20289999,-0.099783465,0.63369936,0.6420888,1.0449134,-0.16978642,0.7054849,-1.1383606,3,d
1.0577787,-0.88447267,-0.29953045,0.62236655,-1.1146647,0.07549385,-0.1728972,-0.22317827,-0.5284579,0.06695037,3,c
0.13930912,0.5735172,0.51610994,-0.5735165,0.27413595,-0.66055596,-0.36244342,-1.2657425,0.8210238,0.29785964,3,u
0.82637703,0.19270742,0.4989845,-0.96650535,-0.7972147,0.023011914,0.46330875,0.9708573,0.12570031,-0.4295441,3,m
0.26514933,-0.11582922,0.031639833,0.09988776,0.042438116,0.79394734,0.58170456,1.033277,-0.75916374,1.13165,3,f
0.4134069,-0.24180697,-1.0344763,0.044315673,-0.7642373,-0.34764534,0.7806176,0.3645221,0.52217954,0.9712203,3,p
1.130708,-0.17845087,-0.67974985,-0.14330143,0.2390949,0.5810487,0.53929627,0.657824,0.465894,0.84111714,3,g
-0.30130363,0.5214932,-0.0106492825,-0.113977335,0.89946365,-0.022293683,0.39102328,1.5307974,0.5025118,0.22628503,3,y
0.06180423,1.1185099,-0.3127867,0.75797606,0.6400465,0.6668195,0.0075915763,0.17674623,-0.828055,-0.70814705,3,w
-0.24360251,1.0867796,-0.5503244,-0.057788104,-0.62244445,0.008885598,1.0610274,0.70148957,0.11700829,0.62757564,3,b
-0.10954086,0.5360868,0.72381204,1.0251058,0.73665935,0.7447549,-0.023529302,0.8358476,0.53242356,-0.070436195,3,.
-0.05385903,0.0008093957,1.1333188,0.9780998,0.7505959,0.070551954,0.2157286,0.017938338,0.88863254,0.59218603,3,","
0.69347674,1.0048525,-0.46003434,-0.62768465,-0.46189973,0.37134722,0.67115283,-0.60457677,-0.15388185,-0.8443058,3,v
0.077183686,1.2265478,1.1594876,-0.057600107,-0.43698797,-0.13295437,0.50918657,0.05035744,0.4889044,-0.65295553,3,k
-0.6124363,0.7953545,0.32602564,-0.6750293,0.5356461,0.14994512,-1.1446255,0.82763314,0.3046215,0.18175918,3,'
0.9972566,0.5214285,-0.18679866,0.3157185,-0.6341191,0.3190599,-1.2138913,-0.40866,0.18409677,0.48056725,3,T
-0.7093998,-1.030585,-0.26064774,-0.7184786,-0.5105922,-0.29596213,-0.34244573,-0.056175943,-0.30088764,1.1363281,3,-
-0.12577245,-1.4684855,0.24502732,-0.49469167,-0.6530265,0.3337895,-0.19029498,-0.4481612,0.52006406,-0.65148836,3,S
0.28877613,-0.5420812,-0.30489773,-1.1596644,-1.1197416,-0.33716014,0.8246178,-0.06304948,0.25232193,0.12714161,3,M
0.2911985,0.65836513,-0.726427,0.045795474,0.7488654,-0.068006106,-0.4815047,0.5164688,-0.6631944,1.0669131,3,`
0.30932635,-0.20839459,-0.3550426,0.46827602,-1.1706717,-0.096825294,0.10205122,-1.1943067,-0.8359791,-0.007719815,3,C
-0.3760809,-1.3114707,0.8865287,-0.09129437,0.21519536,0.19965333,-0.17296098,-0.8931244,0.42014375,0.36758426,3,A
-1.0344814,-0.13446735,-0.20407124,0.4840437,0.49849212,0.47303623,-0.5902466,-0.21994014,-0.4210135,1.259446,3,1
-0.5215648,-0.23917896,0.41853932,-1.0689076,0.80588156,-0.12850158,-0.31167573,0.6940015,0.19398764,0.9687248,3,0
-0.20252912,0.69302577,-0.8394441,0.17987432,-0.37219533,-0.28636184,0.3340578,0.1624139,0.12120732,0.24458726,3,B
-0.42783022,0.712985,-0.07494281,0.14664745,-1.2923484,0.71028227,0.7014047,0.4693803,0.25006503,-0.23980592,3,H
0.21477318,-0.46971908,-1.5167825,0.64815134,-0.22839423,-0.5444866,0.56948507,0.24942301,0.05577807,0.19971961,3,P
-0.6996736,-0.008134942,-0.59087753,0.717939,-0.36987314,0.29299766,0.9650051,-0.8858504,0.7143936,-0.0049169376,3,x
0.50447696,0.10689719,0.40189365,1.1699214,0.9256212,-0.6355626,-0.3662658,-0.2761914,-0.13416167,-0.5187116,3,I
0.09326539,0.014331208,-1.2829621,0.1906125,-0.89090246,0.84720105,-0.17772672,0.566642,-0.11065379,0.03366516,3,W
1.3827606,-0.35678706,-0.10118053,0.37160754,-0.62658185,-0.48624024,0.5711018,0.6224006,0.68505776,-0.021618385,3,D
0.21073937,-0.8069485,-0.54084945,0.2086244,-0.32865173,-0.57027817,0.88282746,0.46087727,0.8426936,-0.91281253,3,R
0.7452119,0.3736755,0.18116596,0.5097396,-0.3407651,-0.019796155,0.18680811,0.4445662,-0.52567166,0.81006587,3,F
0.036639817,0.3778967,-0.14897431,-0.30729416,-0.8769397,-0.04957461,0.8941743,-0.7741305,0.47215033,-1.1601702,3,L
0.7702842,0.1425256,-0.38208047,1.2286683,-0.083555706,-0.26012874,1.1115304,0.085150875,-0.003990306,0.38608798,3,G
-0.24865133,-0.12709133,-1.3691393,-0.86030406,0.11387738,0.13328108,0.20042236,-0.64776915,0.8635977,-0.2665477,3,J
-1.1039089,0.5045594,0.4537893,0.16871026,0.08608591,-0.1633601,-0.35996,-0.28581843,-0.51261973,0.7756731,3,2
-0.90966785,-0.8261737,0.40233818,-0.25793603,-0.6756659,1.1130584,0.17245837,-0.010330467,-0.5622062,-0.46923944,3,N
-0.53854764,-0.24690574,0.24039213,0.21621399,0.50742835,-0.10743244,-0.7422769,0.4666229,-0.19276579,1.2371637,3,5
0.4215382,-0.10310454,0.1001336,-1.3281736,0.5609411,0.047249746,1.2159572,0.24194501,-0.1857637,0.3861577,3,j
-0.65166664,-0.43774545,0.55761606,0.9611519,-0.19467938,0.21874367,-1.2247065,0.08586145,-0.60595495,0.21906975,3,9
-0.93987,-0.30372083,-0.65584385,0.5992333,-0.40537077,-0.21357183,-0.6363852,-0.6662484,0.67385757,0.4386916,3,E
0.073980436,0.9152928,0.27139708,0.033491105,-0.25204778,-0.62497073,-1.3129419,-0.60400915,0.41249415,0.10128458,3,O
0.009186803,0.61722374,-0.39453682,0.34277093,0.24822718,0.6825894,0.6951079,-1.026682,0.41221318,1.0540792,3,q
0.7907161,0.31391972,-0.53650594,1.0674987,-0.8544473,-0.46725237,-0.35903183,0.63021564,0.59900075,-0.12468778,3,K
-1.2351351,-0.24978094,-0.007641785,-0.1926833,0.7869166,0.31700304,-0.4653431,-0.15702514,-0.11908065,0.7523936,3,3
-1.2792821,-0.38902062,0.5419721,0.36666515,0.06446474,-0.07270965,-0.5685907,0.38938048,-0.40393487,0.79928535,3,6
-0.49159563,0.51097447,-0.34262162,0.32084894,-0.26444262,0.4608174,1.2795101,-0.11814237,0.24365136,-0.660944,3,z
-0.39500734,-0.62622213,0.9825371,0.025518974,0.61061525,0.70439965,0.14332016,1.0792103,0.40813813,0.51472545,3,;
-1.3335607,-0.30403814,0.22579592,-0.49555334,0.58726656,0.3771795,-0.69564164,-0.23843768,0.10040092,0.67216957,3,4
0.6838008,-0.5025384,-0.015183916,-0.4603552,0.23498358,-1.0578789,-0.3356652,-1.0807756,-0.13311234,-0.77131265,3,U
-0.9956855,0.4418983,0.30250192,0.03917759,-0.030056028,-0.3213862,-0.63077426,0.11092985,-0.44561398,0.9336935,3,7
-0.7554423,-0.22615479,0.23544917,0.33897415,0.10040738,0.10328591,-0.932458,0.64987046,0.030423107,0.9864584,3,8
-0.31162274,-0.39487284,0.3269349,-0.45899087,0.3818598,0.2311317,-1.1257352,-0.7546377,-1.1139635,0.3335834,3,$
-0.0091297235,-0.109786615,0.566232,1.0973618,0.7500532,1.0053493,-0.66324675,-0.40465617,0.504225,0.16448013,3,:
-0.82460827,0.49636438,0.5921575,0.17370974,0.063320585,0.2051471,-0.16580446,0.66121066,0.62119585,1.3402044,3,)
-0.8505166,0.14262483,1.0192169,1.1903977,0.25966346,-0.1276362,0.22077526,0.59129924,0.36697373,0.103883095,3,(
-0.19025989,-0.6296736,0.17779242,0.32937506,-1.091376,0.32734376,-0.63242435,0.9889447,-0.50161034,-0.6005628,3,Y
0.57467455,0.32633024,0.5659139,1.2323043,-0.86925375,-0.20739436,0.8543505,0.005040769,-0.3945164,0.20056714,3,V
-0.45627287,0.48347175,0.5625347,0.6657166,1.1544979,0.923487,-0.11119745,0.24234359,-0.243732,0.69444364,3,?
-0.55160403,0.4788519,0.41034508,0.8821074,1.163694,0.75289667,-0.046062157,0.3460497,-0.13446109,0.5759265,3,!
-0.8716839,0.24430017,0.83873236,0.95699215,-0.36523572,0.9072191,-0.18323648,0.5255679,0.32436216,0.4235462,3,&
-0.3081651,-0.12901974,0.51537067,0.32172728,-0.5769005,-1.112931,1.1296747,0.43695766,0.5207375,0.43162075,3,%
0.52925116,-0.43094411,0.5359162,0.52369356,-0.65648824,-0.03739562,-0.16470972,-0.69710267,0.07352279,-0.36927184,3,Z
0.3350268,0.3311534,-0.14228322,0.60874116,-0.024165742,0.45718446,0.59945685,-0.81982064,0.7913867,0.8783793,3,Q
0.5903323,1.0360948,-0.33390477,0.30633903,1.2295295,-0.19373678,0.0344898,-0.6065342,-0.65097326,0.17482086,3,/
0.0,0.0,0.0,0.0,0.0,0.0,0.0,0.0,0.0,0.0,3,~
-0.7411023,-0.43071026,-0.5155971,-0.90881836,-0.69715416,-0.15369777,-0.6899792,-0.692266,-0.80159396,0.24616213,4, 
-0.66951996,-0.4672119,-0.2261043,1.250576,0.34919754,0.13286924,-0.6057166,-0.7730213,0.645255,0.4421751,4,e
0.608642,0.8890606,-0.5356245,0.43100953,0.22792892,0.6076876,-1.2271268,-0.43548888,0.1745752,-0.46825173,4,t
-0.81610996,-0.34546864,1.5179756,0.027025376,0.15984726,-0.90671897,0.076342806,-0.18960825,-0.112472214,0.0237001,4,a
-0.0675061,0.16956902,0.05525339,0.10266832,1.3759111,-0.5311702,0.76522744,-0.23271401,-0.7544557,0.7238832,4,o
-0.30340606,-0.6410492,0.6535671,-0.08387531,0.346414,1.4958493,-0.32160658,0.6293632,-0.32044855,-0.30981213,4,n
0.22241564,-0.6861979,-0.9364882,-0.23017481,0.6522445,-1.337456,-0.2141408,-0.28532025,0.26323354,0.23431882,4,i
1.1917789,-0.1510695,-0.11853012,-0.0058138147,-0.27150178,-0.63884574,-0.06106126,-0.19474742,0.45342627,-1.3172345,4,r
-0.8181825,0.052798934,-0.12135602,0.8752602,-0.98358923,0.108140424,0.17604166,0.09179336,0.92052865,-0.80677634,4,s
-0.3411781,0.7531651,-0.525451,-0.015511558,-0.1552028,1.1373692,0.7030092,0.8329204,0.14074318,-0.7172986,4,h
0.709506,-0.5194876,0.08898034,0.8114348,0.701342,0.28625217,0.68612045,0.17787372,-1.0464697,-0.6237543,4,l
0.37194005,-0.21295092,0.27774712,-0.13215412,0.6401432,0.65689963,1.0209998,-0.079524584,0.7116791,-1.1310321,4,d
1.0309682,-0.94264,-0.21818447,0.5952766,-1.1202416,0.068682335,-0.18747291,-0.15227087,-0.50596905,0.06635631,4,c
0.113008775,0.5617662,0.49685124,-0.6111697,0.2857381,-0.64230186,-0.41156042,-1.2327622,0.8424971,0.3302787,4,u
0.78225976,0.21569504,0.5229461,-1.0169942,-0.7879513,0.07500852,0.48541936,1.0024544,0.0960658,-0.39689597,4,m
0.22037451,-0.048795223,0.037397567,0.07758558,0.02344242,0.75854206,0.5544677,1.0046725,-0.80705124,1.1510143,4,f
0.45839444,-0.14843614,-1.0476506,0.06717111,-0.78588873,-0.30464694,0.75371975,0.39998165,0.59912527,0.9318243,4,p
1.1458266,-0.17723346,-0.6857137,-0.20236538,0.2838078,0.66910607,0.44568652,0.6749744,0.47581097,0.8375179,4,g
-0.23962025,0.53527004,-0.13601512,-0.05958943,0.8307913,-0.16395709,0.35708657,1.549597,0.47359636,0.27156144,4,y
0.05978212,1.0823964,-0.28398833,0.77156407,0.63706553,0.72126657,0.0033355388,0.1810753,-0.8220984,-0.7170498,4,w
-0.32073167,1.1327616,-0.4877347,-0.063947864,-0.6376659,0.019765768,1.0003523,0.7276201,0.13235751,0.64361334,4,b
-0.07170304,0.55369705,0.7279493,0.9810166,0.8330278,0.66769147,-0.15370008,0.79969174,0.6062615,-0.15982348,4,.
-0.2319346,0.1666938,1.1534736,0.98832047,0.6904738,0.04324059,0.26189893,0.014957321,0.8140472,0.6085346,4,","
0.711396,1.0502528,-0.4799863,-0.6134071,-0.3769961,0.26295945,0.63290626,-0.594481,-0.12379816,-0.89646614,4,v
0.009386567,1.2490944,1.0544775,-0.036742415,-0.5299724,-0.1383638,0.61997986,0.14268549,0.4811853,-0.5627308,4,k
-0.6121409,0.8264044,0.37104255,-0.5918593,0.4678821,0.19391608,-1.2321559,0.7612348,0.2758636,0.09734361,4,'
0.8923159,0.6022838,-0.0732997,0.44697145,-0.6767672,0.29470888,-1.2178981,-0.47955585,0.2479221,0.527934,4,T
-0.6799026,-0.8656261,-0.27015248,-0.7089213,-0.5442721,-0.33172983,-0.42230612,0.073057264,-0.18732324,1.252742,4,-
-0.08926864,-1.4927769,0.3113788,-0.49944255,-0.621292,0.2351323,-0.16154711,-0.49765235,0.50506026,-0.51289463,4,S
0.2895579,-0.6394266,-0.19518732,-1.1115106,-1.1204191,-0.31947345,0.80582356,-0.073081195,0.30175883,0.10025119,4,M
0.29520375,0.5303438,-0.7648062,-0.029697487,0.6587593,-0.05470501,-0.545014,0.46044797,-0.8385352,1.1248649,4,`
0.2110644,-0.15577959,-0.42235452,0.4089978,-1.2288458,-0.086965255,0.094540894,-1.114477,-0.89109844,0.11518812,4,C
-0.37976027,-1.3344139,0.84387124,-0.22353378,0.20117448,0.22389105,-0.054949824,-0.8073381,0.35835958,0.4522036,4,A
-1.055579,-0.0148446895,-0.28849488,0.42942658,0.47440448,0.4629452,-0.46707332,-0.018898489,-0.42148432,1.2348256,4,1
-0.5158622,-0.2335526,0.44475436,-0.8997305,0.8853764,-0.21879935,-0.29196212,0.63350296,0.105560936,1.0522574,4,0
-0.2742433,0.7832335,-0.80436623,0.23177242,-0.36740103,-0.27106625,0.32112586,0.122168146,0.1046364,0.16085078,4,B
-0.42344078,0.7960678,0.007317498,0.13705355,-1.2091234,0.83661884,0.7387595,0.47001088,0.21247569,-0.27763984,4,H
0.40189886,-0.52040076,-1.589236,0.5405201,-0.11913122,-0.5666766,0.52309126,0.058107566,0.18740939,0.12955536,4,P
-0.7234769,-0.09315957,-0.585884,0.7965472,-0.36048383,0.37152627,0.8593983,-0.9568565,0.74307704,-0.07059959,4,x
0.49882826,0.001884188,0.4257637,1.2015284,0.7463977,-0.7005798,-0.29051533,-0.24169515,-0.20613281,-0.40696627,4,I
0.06355683,0.037751127,-1.363508,0.13871911,-0.86863875,0.93853325,-0.212674,0.57667845,-0.30670357,0.09436517,4,W
1.3206252,-0.45556518,-0.041931503,0.3453341,-0.72064245,-0.51051843,0.6631353,0.6415406,0.5424552,0.043128587,4,D
0.07587212,-0.84026724,-0.49554372,0.08589985,-0.38086173,-0.67331153,0.8533717,0.4152168,0.8707893,-0.8364802,4,R
0.7029029,0.31589183,0.4067555,0.59064215,-0.3555478,-0.0597708,0.18269107,0.42315254,-0.48456082,0.8898886,4,F
0.03743562,0.5419433,-0.23689932,-0.5078184,-0.88661045,-0.04777684,0.76919246,-0.7441993,0.38579378,-1.0620593,4,L
0.9255035,0.18467097,-0.4131103,1.0677341,-0.031111382,-0.42303506,1.1063033,-0.085489914,-0.06026571,0.4150804,4,G
-0.32310236,-0.119862445,-1.2828538,-0.8862526,0.24415092,0.20747142,0.14042619,-0.6552222,0.82730854,-0.27297604,4,J
-1.2651023,0.41991684,0.39680687,0.105411194,0.06688983,-0.16886748,-0.46605143,-0.18761887,-0.45651758,0.76789993,4,2
-0.9334056,-0.827063,0.4192265,-0.2961852,-0.66470194,1.1130022,0.1685011,-0.023474429,-0.5400572,-0.39665926,4,N
-0.540755,-0.3483237,0.25530618,0.044596232,0.37765068,0.057503987,-0.8106843,0.2578905,-0.039534733,1.0934912,4,5
0.5309764,-0.12351326,0.002385572,-1.3276429,0.48289043,0.10717975,1.2030767,0.10933666,-0.09303638,0.47696108,4,j
-0.6291777,-0.39417797,0.33856696,0.9815004,-0.25740618,0.24054748,-1.3251888,0.22733392,-0.5995954,0.28168473,4,9
-0.92538935,-0.25869194,-0.5772998,0.74879235,-0.5495344,-0.26109168,-0.56978726,-0.64189804,0.5794206,0.50292206,4,E
0.052735228,0.964355,0.31774744,-0.00791521,-0.333896,-0.54398996,-1.2913091,-0.5860623,0.29758176,0.039556555,4,O
0.06385949,0.57271725,-0.30667132,0.3131589,0.21413106,0.7441652,0.81885993,-0.90591705,0.4583465,1.0839132,4,q
0.7561995,0.33653155,-0.52646285,1.0188963,-0.9312836,-0.43568113,-0.35060692,0.55132335,0.4759798,-0.11696585,4,K
-1.3464384,-0.23298773,0.14031447,-0.22429295,0.69522005,0.1389236,-0.49218377,-0.23300561,-0.17676084,0.7801247,4,3
-1.2320493,-0.14513478,0.40523845,0.14601594,0.12281989,-0.21161258,-0.58292425,0.37802547,-0.30006298,1.0458344,4,6
-0.5237149,0.47955123,-0.23178743,0.25305748,-0.2091308,0.5891314,1.3498679,-0.05712215,0.42347577,-0.63501865,4,z
-0.34961784,-0.767695,1.0092639,0.11123634,0.5700643,0.6985695,0.25432009,0.9849062,0.4863749,0.374743,4,;
-1.27729,-0.17118727,0.20826344,-0.3688717,0.542502,0.22035438,-0.65780234,-0.2066545,0.032894995,0.8516698,4,4
0.57306373,-0.5850511,-0.006371143,-0.5607622,0.25112897,-1.02696,-0.22375081,-1.094081,-0.23495874,-0.7712473,4,U
-1.0371464,0.40164793,0.32095292,0.028114624,0.11076078,-0.24596798,-0.670409,0.18069056,-0.37026802,1.0134579,4,7
-0.8698015,-0.16005135,0.22640269,0.33757704,0.43452618,-0.083711945,-1.0564191,0.4939536,-0.038837176,1.0376673,4,8
-0.30600163,-0.42025056,0.37180388,-0.46257135,0.3893954,0.27904445,-1.2041036,-0.6910741,-1.0605251,0.25890663,4,$
-0.016331457,-0.022186644,0.6305796,1.0181948,0.8831994,1.0949849,-0.5424945,-0.2366559,0.44111943,0.17711975,4,:
-0.74501646,0.42173553,0.71446335,0.23586209,-0.0856187,0.07612972,-0.16281871,0.5017627,0.5583406,1.4078676,4,)
-0.9975627,0.14481318,1.0396147,1.076698,-0.04658079,-0.1425678,0.31287423,0.6553029,0.3538109,0.2623558,4,(
-0.1638186,-0.61425966,0.06444666,0.1990814,-1.1227808,0.5065824,-0.6770525,0.9270061,-0.49540868,-0.6466072,4,Y
0.47592184,0.4219034,0.4948174,1.1135262,-0.7989075,-0.21283442,1.105218,0.032373983,-0.35182706,0.25534996,4,V
-0.28558385,0.7010323,0.33521068,0.89513016,1.049701,0.9253938,-0.16812465,0.3316847,-0.17097978,0.62259966,4,?
-0.28960106,0.6576645,0.3228221,1.0520678,1.1796858,0.67809194,-0.22334108,0.3495514,-0.1740062,0.46769014,4,!
-0.66577816,0.3831003,0.95342684,1.0186758,-0.50558746,0.74602467,-0.09792424,0.44001386,0.094852984,0.5298055,4,&
-0.40718323,0.24301255,0.53900236,0.24117823,-0.51458156,-1.0303888,1.1061997,0.4438796,0.5215155,0.53530383,4,%
0.6980561,-0.41605696,0.45592144,0.20283979,-0.41283438,0.025462499,-0.31658933,-1.0903414,0.14879203,-0.3476461,4,Z
0.33058545,0.53043526,-0.28141323,0.52116853,0.061919812,0.4156026,0.6771381,-0.6924959,0.8076031,0.96108186,4,Q
0.57192916,1.335688,-0.21984127,0.1771042,1.0427102,-0.13688347,-0.21247573,-0.6242651,-0.4931178,0.06405312,4,/
0.0,0.0,0.0,0.0,0.0,0.0,0.0,0.0,0.0,0.0,4,~
-0.7452538,-0.43874475,-0.492676,-0.9046349,-0.69797367,-0.1218296,-0.6103921,-0.7711554,-0.7985079,0.29003817,5, 
-0.5956585,-0.5038132,-0.16597955,1.2434943,0.33172193,0.13105527,-0.61478853,-0.7572386,0.6820525,0.41357687,5,e
0.58562976,0.8702213,-0.5425542,0.47001055,0.19062336,0.5435667,-1.2376184,-0.5147792,0.21395575,-0.45847684,5,t
-0.8867289,-0.33466908,1.5023034,-0.008706813,0.11494488,-0.88001007,0.10775083,-0.11038652,-0.10911889,0.0573489,5,a
-0.029097997,0.20956795,0.08400263,0.110578865,1.4438605,-0.5092515,0.70510757,-0.19142415,-0.75672185,0.6648806,5,o
-0.29780674,-0.7188158,0.5889007,-0.1298835,0.33398423,1.5018651,-0.2709359,0.5641019,-0.37681857,-0.31536448,5,n
0.19991148,-0.64034617,-0.9605299,-0.22641686,0.6352423,-1.3635284,-0.22489199,-0.20223776,0.2279544,0.21017992,5,i
1.188447,-0.19346102,-0.055833403,0.018304205,-0.16850574,-0.68830895,-0.02893376,-0.1904086,0.43989688,-1.3090252,5,r
-0.85724527,0.10216636,-0.16324015,0.8735495,-0.95804,0.15111077,0.14627266,0.16946705,0.9194303,-0.792978,5,s
-0.28188825,0.6949206,-0.52838427,-0.026579343,-0.1645541,1.0021335,0.6202237,0.77534395,0.11002543,-0.8162793,5,h
0.7374287,-0.54500246,0.18026306,0.75107443,0.70323557,0.2676551,0.68788284,0.25941545,-1.0672765,-0.56287223,5,l
0.29225147,-0.23864682,0.2955066,-0.15816179,0.6772731,0.62131387,1.0209708,-0.18174827,0.7752366,-1.0837299,5,d
0.9941435,-0.94968575,-0.24153562,0.64066297,-1.1430129,0.07068985,-0.20914316,-0.1535755,-0.4963257,0.12588021,5,c
0.14567338,0.5571219,0.5202222,-0.61773473,0.23699026,-0.635696,-0.4352004,-1.2179806,0.8742891,0.34443623,5,u
0.8072507,0.25256404,0.40303308,-0.9632109,-0.77608484,0.05744953,0.5148439,1.0770532,0.06984189,-0.3984378,5,m
0.2719383,-0.108669594,-0.0010285855,0.14613357,0.076709546,0.7592888,0.5799781,0.9930949,-0.7957108,1.1639211,5,f
0.5411714,-0.24059403,-1.0022243,0.14141913,-0.80447185,-0.28008476,0.6775385,0.32206947,0.5894821,0.9902623,5,p
1.1108998,-0.09779517,-0.72655517,-0.1920672,0.28086492,0.66824096,0.45620248,0.69567907,0.48069617,0.8619599,5,g
-0.2039723,0.5677439,-0.15910575,-0.16505629,0.9039615,-0.11091917,0.4089252,1.516213,0.49027222,0.21809559,5,y
0.00024472782,1.1271199,-0.27562812,0.77248615,0.6732107,0.60975134,0.01631167,0.17575634,-0.8219056,-0.6770374,5,w
-0.3111646,1.1341358,-0.55688065,-0.032085635,-0.63021404,0.03128842,1.0265626,0.65147674,0.15774524,0.63598853,5,b
-0.09800258,0.58286536,0.7861959,0.98445135,0.7626107,0.69505686,-0.069740795,0.80041045,0.5909256,-0.063418634,5,.
-0.21165496,0.026633976,1.0867887,0.86743313,0.66747415,-0.005759103,0.14023134,-0.048428535,0.8658073,0.6823807,5,","
0.73766404,1.0446916,-0.47001055,-0.5940226,-0.37398916,0.32133684,0.62517524,-0.6272758,-0.12891886,-0.8550535,5,v
0.06919307,1.2080319,1.1399122,-0.043269478,-0.5265163,-0.13915166,0.5075857,0.03709567,0.46653312,-0.5825028,5,k
-0.6131445,0.71678007,0.34751126,-0.6676606,0.39498737,0.10322222,-1.2748214,0.7513044,0.295224,0.26915014,5,'
0.959005,0.6081806,-0.13775249,0.44308147,-0.63147897,0.30305475,-1.1756643,-0.5517555,0.24443589,0.4756083,5,T
-0.7264156,-0.8683409,-0.24733862,-0.73307616,-0.60922533,-0.43027356,-0.32271963,-0.022904603,-0.103851706,1.1513062,5,-
-0.113161415,-1.4445037,0.30662403,-0.5506883,-0.7259402,0.2916647,-0.14650461,-0.48654857,0.5067029,-0.51575625,5,S
0.23656157,-0.57202923,-0.34282234,-1.1344237,-1.1228533,-0.33138385,0.79837674,-0.0918356,0.29654035,0.2063521,5,M
0.17606255,0.52045715,-0.7645067,0.10514914,0.80150306,-0.0070448164,-0.5841215,0.45315805,-0.7496186,1.0522429,5,`
0.2383497,-0.16023758,-0.35760608,0.396813,-1.2601591,-0.06922965,0.17579244,-1.1049536,-0.80324006,0.057734292,5,C
-0.46326473,-1.2782776,0.8805508,-0.10642698,0.1453732,0.14279814,-0.11978993,-0.8415278,0.40077144,0.40641156,5,A
-1.0111746,-0.18270895,-0.3162251,0.48243013,0.5421138,0.4917804,-0.4503158,-0.23176335,-0.43726125,1.2699351,5,1
-0.5445102,-0.10124124,0.4204553,-0.9992259,0.727141,-0.1142331,-0.28774187,0.78357327,0.062532194,1.02055,5,0
-0.32930127,0.800925,-0.83119416,0.30736813,-0.3437351,-0.26932734,0.35433903,0.1047861,0.2733387,0.16939873,5,B
-0.3912967,0.7701027,0.00040715374,-0.026665729,-1.1631546,0.87422,0.7543885,0.46844518,0.22056036,-0.2648053,5,H
0.22202499,-0.44657773,-1.474065,0.52529305,-0.25397784,-0.5336102,0.49028996,0.011679779,0.12715998,0.19249026,5,P
-0.7691755,-0.102556534,-0.58515704,0.89189327,-0.37030214,0.45724812,0.8831754,-0.8242565,0.6678859,0.08893664,5,x
0.56612223,0.05011688,0.4152667,1.2137133,0.78379726,-0.7417676,-0.25082952,-0.21730068,-0.15173285,-0.41454777,5,I
-0.0698703,0.105029956,-1.288636,0.1131918,-0.95867103,0.9052534,-0.14190115,0.6174354,-0.3825405,0.13232297,5,W
1.2933999,-0.4115912,0.11040199,0.44865254,-0.62640613,-0.5047254,0.5717207,0.5896783,0.70812213,-0.02252052,5,D
0.21550898,-0.97069716,-0.43677944,0.18246363,-0.2889294,-0.60547954,0.7899185,0.35171255,0.8609846,-0.8733853,5,R
0.6250174,0.35221037,0.3729217,0.53367305,-0.36640233,-0.10720291,0.059053857,0.4887922,-0.48285788,0.9790131,5,F
0.07412162,0.4660159,0.004902322,-0.39587638,-0.973815,-0.08008752,0.8083514,-0.76854575,0.30564263,-1.1376003,5,L
0.8526614,0.11675863,-0.33583364,1.0822663,-0.17761539,-0.43869412,1.2246879,0.022167228,-0.009560322,0.39074832,5,G
-0.4307071,-0.24193308,-1.3119718,-0.8793247,0.23578075,0.22773212,0.12879325,-0.5933042,0.8470041,-0.26078635,5,J
-1.3472738,0.46673927,0.55767727,0.29728112,-0.04272921,0.000539314,-0.3466493,-0.0746639,-0.4334003,0.76653904,5,2
-0.91334194,-0.8129351,0.3954734,-0.2628371,-0.55471706,1.1234125,0.18322568,-0.048479903,-0.6561662,-0.3942311,5,N
-0.60482967,-0.19896206,0.38135427,-0.11901761,0.5488742,-0.025569344,-0.75748485,0.33924088,-0.18960778,1.0402383,5,5
0.45243487,-0.10376336,0.16298905,-1.3320992,0.5362257,0.124036066,1.1685596,0.109382294,-0.32337844,0.44552058,5,j
-0.6815906,-0.36751458,0.5392009,0.8430998,-0.18413179,0.15212663,-1.358769,0.24183917,-0.49991396,0.3070758,5,9
-0.8177172,-0.21682459,-0.6442907,0.672042,-0.6438054,-0.18570222,-0.5355371,-0.5488452,0.5408724,0.4908991,5,E
0.064953536,0.93046397,0.36950043,0.086381234,-0.39083207,-0.48009452,-1.2065197,-0.61629593,0.33401716,0.059403464,5,O
0.0432152,0.45686537,-0.24261425,0.39949185,0.30598676,0.76273227,0.844553,-0.91927475,0.45535183,1.0629586,5,q
0.74438405,0.37558985,-0.5028551,1.1591814,-0.8429589,-0.49594584,-0.40207645,0.46175238,0.57886887,-0.13543612,5,K
-1.5399102,-0.090722665,0.32109088,-0.13052487,0.41849342,0.24660636,-0.4192032,-0.16164483,-0.0481307,0.82901,5,3
-1.2116183,-0.15138513,0.38744244,0.18300618,0.06689962,-0.13641697,-0.40695667,0.27432084,-0.4177798,0.79710054,5,6
-0.55341655,0.65712994,-0.15508237,0.18672432,-0.25294143,0.43588206,1.2082626,-0.39136434,0.3084515,-0.6612281,5,z
-0.29596317,-0.557051,1.0713307,0.016610859,0.77946466,0.6797544,0.23765175,0.96754295,0.4306409,0.4542838,5,;
-1.2436836,-0.17332524,0.20423287,-0.28017795,0.5841997,0.14202274,-0.65569526,-0.07463648,0.055703603,0.69846016,5,4
0.48107907,-0.5609088,-0.10995884,-0.5812153,0.30601954,-0.96728086,-0.240025,-1.1580111,-0.23382923,-0.7783222,5,U
-1.1975504,0.3451672,0.11724306,0.09378195,0.002224785,-0.18344656,-0.6321459,0.25007704,-0.26426896,0.959193,5,7
-0.9777728,-0.30170864,0.1415478,0.34189186,0.20764269,-0.0037183398,-0.90918463,0.5217536,-0.043775883,1.0398484,5,8
-0.21820934,-0.32406613,0.26335397,-0.3301594,0.38969865,0.3901106,-1.19501,-0.59188277,-1.1606371,0.39359018,5,$
0.103889726,0.19831537,0.4954373,0.889648,0.96465605,1.0559531,-0.6099535,-0.41790396,0.5213034,0.03889257,5,:
-0.8252288,0.48678005,0.87262493,0.38371524,-0.099664226,0.17205234,0.00058475486,0.5619351,0.54438937,1.2318175,5,)
-0.9116796,0.38372213,1.070063,1.0571618,-0.069550216,-0.15481423,0.25830644,0.5952454,0.4771474,0.22360526,5,(
-0.15839198,-0.74602515,0.0754887,0.25954428,-0.9661401,0.52130497,-0.69456214,0.91581345,-0.506146,-0.7312273,5,Y
0.5221714,0.29345617,0.4322554,1.0832419,-0.8349501,-0.19794868,1.1696867,0.046580832,-0.4131365,0.060154624,5,V
-0.43191037,0.6190829,0.43425825,0.9501517,1.1055273,0.7051025,-0.20320134,0.43010512,-0.2428363,0.57810944,5,?
-0.24140063,0.68207103,0.23984815,1.0744703,1.1041687,0.75405985,-0.2321426,0.32132164,-0.2407921,0.3547468,5,!
-0.5405926,0.58771986,0.9107372,1.1287447,-0.48014134,0.52882487,0.06917823,0.45925912,0.18923803,0.68540907,5,&
-0.3748616,0.046746887,0.3124673,0.19538471,-0.78025347,-1.112856,1.2098205,0.20592918,0.46269345,0.3512143,5,%
0.67111593,-0.2129619,0.5844237,0.1286697,-0.53525156,0.083622314,-0.23872963,-0.9128318,0.39538065,-0.33802167,5,Z
0.6271603,0.52886134,-0.32326922,0.3422072,0.1889675,0.38339263,0.75048524,-0.6081993,0.89694566,0.982672,5,Q
0.5487481,0.95684725,-0.021046398,0.29717404,1.1051471,-0.089839675,-0.4997805,-0.6905593,-0.43019986,-0.09101428,5,/
0.0,0.0,0.0,0.0,0.0,0.0,0.0,0.0,0.0,0.0,5,~
-0.75534755,-0.43025216,-0.46984115,-0.8599936,-0.69171697,-0.14819832,-0.67137766,-0.72306126,-0.85716397,0.27433953,6, 
-0.6269651,-0.4832767,-0.1713333,1.25854,0.2697422,0.123163,-0.66815114,-0.7364732,0.72544366,0.39519185,6,e
0.63936114,0.90058684,-0.5205027,0.4264184,0.18041529,0.5054666,-1.2364194,-0.41268748,0.16545908,-0.498596,6,t
-0.780301,-0.32104787,1.4946272,0.07399455,0.10500843,-0.948459,0.09341868,-0.11755744,-0.113022305,0.094591625,6,a
-0.048360575,0.20680854,0.104107104,0.104573466,1.4177887,-0.53180474,0.7001617,-0.25401813,-0.75405544,0.6347306,6,o
-0.26030865,-0.7168923,0.6494162,-0.09320344,0.31181183,1.4432893,-0.32511118,0.60507774,-0.33829585,-0.356926,6,n
0.16796131,-0.6777107,-0.94020116,-0.25607124,0.6065122,-1.4207355,-0.2079104,-0.18361491,0.23033805,0.2158773,6,i
1.1312,-0.2067321,-0.045614813,-0.013234401,-0.27689,-0.66524565,-0.084989786,-0.22184326,0.42304188,-1.2812634,6,r
-0.82696456,0.10392581,-0.12329371,0.88101286,-0.91729397,0.092201814,0.13509102,0.10833053,0.96927464,-0.819912,6,s
-0.36675215,0.63156456,-0.5720375,0.005410838,-0.10432048,1.1010898,0.71045655,0.8769137,0.12350188,-0.75680894,6,h
0.80004025,-0.47267973,0.19968045,0.7311306,0.6665549,0.25180355,0.69747597,0.2523444,-1.0477672,-0.637509,6,l
0.3721573,-0.20505124,0.23743092,-0.18746233,0.61090696,0.6754779,1.0424665,-0.20566766,0.8050578,-1.0589169,6,d
1.0184038,-0.9332967,-0.23490043,0.60657364,-1.1742283,0.06190921,-0.1446402,-0.15593943,-0.48780197,0.05301728,6,c
0.08655731,0.52939856,0.49351618,-0.5857258,0.25570536,-0.6191723,-0.40182805,-1.268828,0.84587127,0.31485376,6,u
0.81809145,0.31283757,0.4680292,-0.992564,-0.744441,-0.049366698,0.47306603,1.0197521,0.04383903,-0.4173342,6,m
0.26520082,-0.075699635,0.070727065,0.005576273,0.032308135,0.71656454,0.5193848,1.0287455,-0.79117554,1.1689986,6,f
0.5490044,-0.14920235,-0.985993,-0.019004716,-0.8224168,-0.26322237,0.7225455,0.29845878,0.63808984,0.96944577,6,p
1.060953,-0.156146,-0.64926267,-0.19652297,0.2440687,0.6206614,0.46868423,0.66966134,0.47263536,0.8508976,6,g
-0.2725002,0.5459612,-0.037816893,-0.057531472,0.8895851,-0.08545574,0.34268993,1.5475851,0.47015065,0.30127728,6,y
-0.073742114,1.0665276,-0.28240305,0.7862739,0.6496536,0.79497766,0.007947496,0.25345933,-0.74312407,-0.69894576,6,w
-0.25513306,1.2087151,-0.5012371,-0.09661415,-0.63881135,0.0074783573,0.9783804,0.5765257,0.17341489,0.6967953,6,b
0.062493052,0.5998607,0.70169896,1.0551022,0.7909781,0.69219303,-0.0010446983,0.75697124,0.5938273,-0.014956565,6,.
-0.098749466,0.07543769,1.1098715,0.9527189,0.6592611,0.043441102,0.13487826,0.040862802,0.8567879,0.7378784,6,","
0.72960466,1.0339462,-0.46869528,-0.56572384,-0.32496884,0.27205592,0.5388524,-0.63423735,-0.21411024,-0.8266767,6,v
-0.0043536895,1.1956507,1.1376762,-0.06972901,-0.47942957,-0.17201655,0.58462524,0.04954723,0.5248882,-0.6185727,6,k
-0.6642507,0.73555857,0.38432133,-0.68964064,0.4738902,0.11509647,-1.2337265,0.71430266,0.27421886,0.22156914,6,'
0.9296428,0.67079306,-0.10026165,0.3756824,-0.6553295,0.30180603,-1.0767756,-0.57053804,0.2281124,0.45032635,6,T
-0.7249467,-0.795419,-0.36492115,-0.7476524,-0.6238859,-0.23757383,-0.27212736,0.012025057,-0.1910549,1.2622339,6,-
-0.032684408,-1.4074229,0.31274664,-0.5865404,-0.6644651,0.31683588,-0.12890589,-0.43561894,0.57248217,-0.57150227,6,S
0.34385535,-0.6200301,-0.22901642,-1.0805699,-1.1263217,-0.33210924,0.8342459,-0.12256811,0.28978223,0.07031653,6,M
0.19987734,0.43668666,-0.72992,-0.05037725,0.7294724,-0.0630071,-0.4559303,0.42338,-0.8805927,1.1408696,6,`
0.34388587,-0.17468235,-0.34376317,0.46043965,-1.1737885,-0.0634459,0.1464098,-1.1737914,-0.82969475,0.08053795,6,C
-0.46856084,-1.1790587,1.0067618,-0.046320673,0.11550403,0.23793803,-0.07121069,-0.80940276,0.35547602,0.5329057,6,A
-1.0517322,-0.085162185,-0.21526021,0.31232375,0.35603797,0.4419475,-0.38720652,-0.18434094,-0.39830682,1.3455987,6,1
-0.5519863,-0.3103961,0.53372,-0.8225878,0.76849127,-0.15436147,-0.14538896,0.73249495,0.10047462,1.0291848,6,0
-0.31720394,0.8195622,-0.9345493,0.20414458,-0.2622373,-0.23678228,0.36895826,0.03399192,0.22808073,0.19813032,6,B
-0.37653607,0.7804156,-0.07871024,0.04282325,-1.2487124,0.91246986,0.6952426,0.3738732,0.19044974,-0.29752892,6,H
0.2525281,-0.5399736,-1.6373949,0.5102369,-0.3441937,-0.4270192,0.56612915,0.10747459,0.18568698,0.14378993,6,P
-0.6820669,-0.09772353,-0.497464,0.7213895,-0.3780562,0.48302847,0.9890143,-0.8510862,0.8183442,0.00626982,6,x
0.43546903,-0.08235759,0.53741205,1.2199005,0.7988811,-0.7157585,-0.28403923,-0.21253498,-0.11685729,-0.35533145,6,I
0.07512232,0.10623596,-1.3080856,0.26812467,-0.87957096,0.87575334,-0.08769132,0.5316053,-0.33855772,0.19773641,6,W
1.3328362,-0.36851975,-0.04167496,0.38240874,-0.52541804,-0.45711157,0.76920646,0.5249213,0.6424307,0.0109525975,6,D
0.15664016,-1.0389212,-0.3714215,0.1721764,-0.21207704,-0.4934855,0.7161139,0.33621714,0.82371163,-0.88819003,6,R
0.71084404,0.2794408,0.43255192,0.5887455,-0.40180212,-0.07322836,0.16788773,0.41175038,-0.56413287,0.9149392,6,F
0.066013984,0.43871492,-0.0938402,-0.46448195,-0.893094,-0.093332104,0.80593216,-0.889121,0.3554235,-1.0981371,6,L
0.92155117,0.09084804,-0.41117927,1.1160243,0.017188838,-0.38843167,1.1667875,0.080387905,-0.024523698,0.4148549,6,G
-0.3852225,-0.16786776,-1.2773448,-0.82908016,0.225406,0.23827422,0.235411,-0.52674836,0.8830758,-0.30379742,6,J
-1.2937012,0.46549493,0.29212165,0.17548256,0.06290945,0.12320163,-0.5304055,-0.103053,-0.5730586,0.86375105,6,2
-0.9540032,-0.8538307,0.34377408,-0.2584054,-0.44765422,1.1460954,0.24968235,-0.06997896,-0.5893984,-0.48829988,6,N
-0.6236709,-0.2881402,0.15054344,-0.17798391,0.48586538,0.035661474,-0.8335233,0.3013167,-0.07535276,1.0625412,6,5
0.6493253,-0.20221598,0.0746177,-1.2877346,0.49717438,0.09588432,1.1439943,0.1611392,-0.30862558,0.43283075,6,j
-0.45857635,-0.5237216,0.3800731,1.0000404,-0.0027998681,0.07034692,-1.3935038,0.24251634,-0.4307331,0.34874564,6,9
-0.8797903,-0.18832783,-0.6819829,0.6496272,-0.54186714,-0.20736651,-0.5794997,-0.7188258,0.52104264,0.49136013,6,E
0.07300231,0.8790223,0.33150786,0.06539816,-0.38547626,-0.49395242,-1.3360602,-0.6660438,0.299254,0.026401253,6,O
0.093434714,0.47180006,-0.2724176,0.4232382,0.2823298,0.8373696,0.8383826,-0.7828067,0.49940142,1.0813695,6,q
0.62227935,0.33702335,-0.50576055,1.1229234,-0.9669884,-0.4195213,-0.31073698,0.44453207,0.4144468,-0.12449507,6,K
-1.574597,-0.1312626,0.27071726,0.018339163,0.46091014,0.367348,-0.42095992,-0.28338534,-0.110307045,0.8846099,6,3
-1.4120601,-0.2497548,0.36820033,0.15415373,0.15605484,-0.111026034,-0.46142623,0.34088543,-0.34367552,0.9049975,6,6
-0.44610476,0.56616694,-0.18376586,0.16004394,-0.30594516,0.54182786,1.4077024,-0.18642008,0.22450836,-0.8068569,6,z
-0.4900358,-0.71370745,0.89887714,-0.015828652,0.9345323,0.6739201,0.24477895,0.8594959,0.33090478,0.45452014,6,;
-1.3012364,-0.20550486,0.10354979,-0.22538766,0.61329824,0.28993005,-0.55684066,0.04837341,-0.01984087,0.83036256,6,4
0.5466211,-0.46154281,-0.096604444,-0.56378984,0.18432195,-0.90593135,-0.123759724,-1.1898985,-0.14057495,-0.78446287,6,U
-1.285561,0.043695897,0.18858124,0.14211002,-0.058189407,-0.2952721,-0.5686646,0.4013859,-0.338057,1.0717242,6,7
-1.1627325,-0.13112818,0.1020434,0.36547858,0.2729382,-0.048657756,-0.9132002,0.6651713,-0.10698505,0.826272,6,8
-0.29225138,-0.34518677,0.30179387,-0.38612008,0.46976504,0.4652198,-1.1696143,-0.6691187,-1.1134468,0.25035244,6,$
0.031111464,0.24364007,0.5203292,0.73810023,1.0972059,1.0994636,-0.5574211,-0.25458935,0.5176884,0.24245317,6,:
-0.85858905,0.63321763,0.72392064,0.24569963,-0.19965586,0.1099566,-0.0974122,0.53461725,0.6386474,1.2205787,6,)
-0.8593751,0.46349037,1.0469452,1.0174198,-0.12847474,-0.08615248,0.27122685,0.68924314,0.44120577,0.25292835,6,(
-0.22347935,-0.7336989,0.059778485,0.1893752,-1.0138184,0.6156236,-0.699887,0.77861124,-0.55433446,-0.7407708,6,Y
0.19361909,0.39604425,0.5165919,1.2224497,-0.68373084,-0.18866286,1.1027762,0.08620384,-0.37419942,0.3071996,6,V
-0.45788944,0.62584543,0.39205536,0.94962585,1.0016823,0.6984325,-0.23098361,0.59196144,-0.25922868,0.60484165,6,?
-0.19340324,0.7281374,0.28962493,1.1705928,0.9240215,0.8932436,-0.04829464,0.43416882,-0.22122926,0.2945574,6,!
-0.776728,0.2773315,0.9652685,1.1290339,-0.49196663,0.5080709,-0.08053709,0.27187854,0.016719628,0.67017853,6,&
-0.32700124,0.22294562,0.28798816,-0.0054220315,-0.48645782,-1.0955637,1.2233884,0.37412655,0.36275938,0.59146744,6,%
0.6552456,0.01640569,0.5286127,-0.22690654,-0.61198133,0.13810846,-0.31790307,-0.9125533,0.43944854,-0.23788671,6,Z
0.3293137,0.7501625,-0.4225611,0.3521122,-0.16103442,0.51864874,0.73446,-0.57326734,0.7815496,0.98290366,6,Q
0.31636304,1.1917442,0.1445528,0.088819176,1.0614859,-0.3854189,-0.628446,-0.6346,-0.16196327,-0.00843595,6,/
0.0,0.0,0.0,0.0,0.0,0.0,0.0,0.0,0.0,0.0,6,~
-0.723236,-0.40835723,-0.53689575,-0.9219202,-0.71500224,-0.12779593,-0.66891074,-0.66290927,-0.83360964,0.23181108,7, 
-0.65548015,-0.47519705,-0.15301849,1.2429857,0.31396246,0.149352,-0.6714441,-0.7153034,0.6476033,0.43023968,7,e
0.566896,0.8547222,-0.523097,0.48073313,0.20868692,0.4911144,-1.2743173,-0.45423803,0.18966815,-0.43005267,7,t
-0.8054482,-0.35498354,1.5482537,-0.0031086528,0.09003312,-0.888543,0.05503411,-0.08476351,-0.13628587,0.041695032,7,a
-0.06725204,0.21819481,0.0806335,0.14597724,1.469926,-0.47685054,0.7305835,-0.19296336,-0.7191078,0.66624683,7,o
-0.23330036,-0.7271084,0.6742976,-0.11790253,0.31356528,1.4367468,-0.34701633,0.5745278,-0.35058767,-0.27737284,7,n
0.17770027,-0.64512557,-0.9188874,-0.23754027,0.6098219,-1.4172387,-0.22350714,-0.18934155,0.24660756,0.26920778,7,i
1.1595044,-0.17475688,0.018407762,0.068003476,-0.2311403,-0.70628077,-0.027498549,-0.22414935,0.4709567,-1.3049625,7,r
-0.8449053,0.09448701,-0.09292311,0.8979381,-0.9305492,0.085282676,0.066002026,0.110163204,0.90473914,-0.8683548,7,s
-0.3597875,0.6860356,-0.4966209,-0.024511795,-0.147551,1.0504996,0.6408065,0.860222,0.09706805,-0.7532864,7,h
0.69507664,-0.5042588,0.1464977,0.68142825,0.7094542,0.26312372,0.7021723,0.16063097,-1.1386744,-0.56730574,7,l
0.37695962,-0.2467228,0.31394014,-0.19663557,0.6882502,0.63647705,0.96703744,-0.1527916,0.749126,-1.0148377,7,d
1.0292125,-0.95233774,-0.2813114,0.574096,-1.1312987,0.058115233,-0.21859488,-0.18915534,-0.5024066,0.076559514,7,c
0.112299964,0.61041844,0.49357146,-0.60740435,0.2814737,-0.6208337,-0.40644714,-1.2173004,0.84551865,0.41909623,7,u
0.81889397,0.24482876,0.49612162,-1.0108479,-0.75161654,-0.0031559092,0.42010728,1.0439489,0.07220723,-0.40626344,7,m
0.2897483,-0.03624844,-0.036019757,0.04013282,-0.00079073117,0.685055,0.52812475,1.0078831,-0.7993865,1.228316,7,f
0.50173575,-0.20454668,-1.0250002,0.059390176,-0.83283275,-0.3199223,0.7345269,0.267463,0.6448078,0.9094691,7,p
1.0520014,-0.10355717,-0.645886,-0.17394973,0.29240078,0.6460756,0.42991072,0.5892279,0.4506212,0.8808592,7,g
-0.12641867,0.5826862,-0.12992005,-0.06274031,0.8764914,-0.035399757,0.3386326,1.5654804,0.4354305,0.3060891,7,y
-0.02662019,1.0303403,-0.2841812,0.79033136,0.6047089,0.6955359,-0.024379577,0.15187566,-0.88504106,-0.75814307,7,w
-0.22400929,1.131125,-0.51935375,-0.16403188,-0.6011053,0.011477483,1.0135843,0.630352,0.13777262,0.63636106,7,b
-0.09942582,0.6671106,0.79233843,1.0142984,0.68735987,0.62329733,-0.063042745,0.8161134,0.59251475,-0.019530218,7,.
-0.040829297,0.18336059,1.1071185,0.87557685,0.53684586,-0.060095504,0.24303319,-0.01647845,0.9675577,0.5959002,7,","
0.7615903,1.087929,-0.4498734,-0.6212634,-0.35151574,0.2272595,0.6430733,-0.6263373,-0.106827,-0.80086225,7,v
0.029760689,1.1802388,1.1298665,-0.021327801,-0.4565547,-0.16270472,0.6095906,0.06261834,0.5366812,-0.5022135,7,k
-0.6807403,0.72269046,0.3592622,-0.5712176,0.41295344,0.16738647,-1.2997696,0.7253295,0.32032552,0.2056475,7,'
0.9393164,0.63182247,-0.015765728,0.29312584,-0.6237713,0.33125657,-1.1651634,-0.6010954,0.19536635,0.44198754,7,T
-0.8234721,-0.74646384,-0.29753536,-0.82781225,-0.54680634,-0.22725335,-0.36010554,0.033247262,-0.27086124,1.1983724,7,-
-0.1461221,-1.4704413,0.349868,-0.4664998,-0.610544,0.36174294,-0.07058831,-0.31795123,0.563127,-0.49119565,7,S
0.3087536,-0.64786947,-0.35381156,-1.1408753,-1.0867447,-0.23892629,0.8560981,-0.09812538,0.20670949,0.18623927,7,M
0.24965212,0.52178764,-0.6926048,-0.062310692,0.8370675,-0.11746032,-0.39715979,0.48065063,-0.83214426,1.0588727,7,`
0.34473315,-0.23104839,-0.27701327,0.38527212,-1.2424126,-0.072529115,0.15734625,-1.1148096,-0.8745651,0.14605838,7,C
-0.4681919,-1.3048583,0.8988988,-0.032029364,0.0368606,0.25216115,-0.059917707,-0.8219161,0.4814113,0.45440337,7,A
-1.0846947,-0.21649656,-0.2322401,0.39496925,0.40909317,0.45132798,-0.46180934,-0.20622464,-0.4494852,1.3157356,7,1
-0.48404744,-0.27310777,0.46164048,-0.941059,0.5658577,-0.24861273,-0.39245254,0.7621421,0.1689537,1.0060683,7,0
-0.35626855,0.7362176,-0.7906159,0.21361326,-0.3605916,-0.22033387,0.40676737,0.0036388896,0.1856581,0.25219828,7,B
-0.3814532,0.7639417,-0.0031645545,0.030133845,-1.1492383,0.9338072,0.77511764,0.34389186,0.26945627,-0.19561327,7,H
0.2988077,-0.5115428,-1.6080126,0.42943916,-0.26617917,-0.5078566,0.5846691,0.041434903,0.30737266,0.26420665,7,P
-0.7244076,-0.21665938,-0.53807414,0.8059712,-0.32712245,0.39240125,0.9933961,-0.7356195,0.8367577,-0.0074325255,7,x
0.5293671,-0.010816707,0.39927086,1.2250526,0.8549623,-0.6814404,-0.26578203,-0.28285655,-0.06617428,-0.38457265,7,I
0.046778545,0.0902113,-1.3040177,0.2082484,-0.8219322,0.8376495,-0.1661434,0.46686885,-0.47842544,0.20654225,7,W
1.2906584,-0.48331556,0.030608596,0.28239235,-0.57262933,-0.5293005,0.68373543,0.52663517,0.4750947,0.013804518,7,D
0.22477418,-0.953735,-0.3862687,0.18647425,-0.119352706,-0.5801068,0.82644165,0.40611652,0.9301839,-0.8750286,7,R
0.71696377,0.30471006,0.42052764,0.46562135,-0.34817973,-0.14239393,0.18796161,0.44553298,-0.62692887,0.90721375,7,F
-0.04040063,0.4682669,-0.09135203,-0.47583264,-0.9090529,-0.03507087,0.76490843,-0.7861116,0.33509013,-1.089363,7,L
0.9923725,0.015680362,-0.50170743,1.1302302,0.016920825,-0.37255946,1.0965929,0.019021789,-0.01983711,0.37876412,7,G
-0.38712323,-0.15233971,-1.3350035,-0.8910065,0.21699916,0.16732785,0.14078963,-0.5746006,0.8658962,-0.2755895,7,J
-1.401406,0.3844224,0.4225876,0.1719875,-0.06987539,0.022753999,-0.55253476,-0.17281516,-0.5558073,0.7438034,7,2
-0.8958421,-0.8742145,0.28733128,-0.27972513,-0.4514624,1.169719,0.16826615,-0.19494294,-0.6333293,-0.43646258,7,N
-0.58260554,-0.20753576,0.18745546,-0.17151827,0.5441516,0.051365845,-0.6725042,0.20440672,-0.10412988,1.0668712,7,5
0.41129044,-0.06503243,0.14860438,-1.1999012,0.5907702,0.051124588,1.2075372,0.14221036,-0.16238567,0.58444303,7,j
-0.6446233,-0.40714327,0.12374812,0.9367267,-0.21910584,0.09378608,-1.1716129,0.32838237,-0.47348154,0.32613167,7,9
-0.99861944,-0.16535684,-0.6841772,0.61849326,-0.535105,-0.11725979,-0.49995208,-0.7753143,0.58442736,0.49045572,7,E
0.105411895,0.9968735,0.3380802,0.12929899,-0.37579316,-0.48417795,-1.3861035,-0.6401807,0.3133683,0.069970265,7,O
0.061796036,0.4356055,-0.31918475,0.23760444,0.27862602,0.75902146,0.7553422,-0.81453824,0.5475476,1.2085221,7,q
0.8170022,0.3176577,-0.5322207,1.2014728,-0.8203707,-0.37275138,-0.3482034,0.4472899,0.59033227,-0.066217445,7,K
-1.5813636,-0.07867451,0.25543448,-0.08936712,0.47993562,0.18763697,-0.29925144,-0.16905656,-0.06670491,0.96550596,7,3
-1.3386937,-0.24023612,0.2508559,0.22832392,0.2795686,-0.13473855,-0.5845765,0.1693318,-0.3691823,0.84046537,7,6
-0.5182548,0.4854425,-0.23859322,0.27780622,-0.2770393,0.37888247,1.2882916,-0.21055812,0.28682044,-0.8050812,7,z
-0.5356611,-0.6258762,0.8459014,0.04098266,1.03276,0.6695189,0.18034273,0.8041142,0.41880155,0.48450992,7,;
-1.2475927,-0.090376906,0.114277765,-0.32988054,0.5105868,0.11430793,-0.63271445,-0.10840072,-0.17197013,0.83543956,7,4
0.43777043,-0.44871336,0.019648276,-0.6247703,0.24484618,-0.86505425,-0.29662523,-1.3059332,-0.34207824,-0.675582,7,U
-1.2527958,0.2658929,0.19506542,0.10467913,-0.028398102,-0.2339379,-0.75869167,0.3662217,-0.23540416,1.016418,7,7
-1.0925484,-0.05170842,0.05218283,0.31687918,0.23355283,-0.050352402,-0.74410963,0.5618918,-0.18078968,0.9285121,7,8
-0.28956112,-0.24562384,0.30028796,-0.36362106,0.4023224,0.48708183,-1.1589732,-0.5623279,-1.109073,0.2679102,7,$
-0.036035527,0.19507666,0.52777416,0.69577754,1.0869287,1.151021,-0.44392437,-0.23200029,0.48439282,0.21780866,7,:
-0.66589653,0.6547317,0.61128956,0.28441697,-0.061624113,0.03796543,0.15536936,0.47729516,0.6293071,1.4084337,7,)
-0.90097904,0.39128318,1.1807119,0.9248424,-0.021291247,-0.1900385,0.24052554,0.5719261,0.4682042,0.2779418,7,(
-0.27754602,-0.7077709,0.11001627,0.118867405,-0.93887347,0.7161132,-0.8161919,0.7589838,-0.5833001,-0.64732486,7,Y
0.16874565,0.44062674,0.44401088,1.2470472,-0.70730555,-0.14859293,1.1506674,0.08874621,-0.30665672,0.24085705,7,V
-0.5187323,0.78577363,0.33784223,0.93987364,0.87118393,0.6526521,-0.2602785,0.49511874,-0.14328825,0.55349815,7,?
-0.35267574,0.61301106,0.38899687,1.0514805,1.0305214,0.841526,-0.058478504,0.47345465,-0.10302382,0.48432812,7,!
-0.6183499,0.4995018,0.8558086,1.199796,-0.49463385,0.5373762,0.07034802,0.4135225,0.06444381,0.63499427,7,&
-0.032630503,0.12495002,-0.20781422,-0.035813253,-0.61518955,-1.0536356,1.2553245,0.25548583,0.45142195,0.7125241,7,%
0.7825933,-0.04372207,0.6692089,0.0010925708,-0.7034732,0.14458442,-0.37307295,-0.7592957,0.4008412,-0.32597387,7,Z
0.1643035,0.7480379,-0.27459073,0.7309641,-0.3129113,0.48158014,0.57594293,-0.63611484,0.68712616,1.060883,7,Q
0.0839632,1.3463554,0.20353039,0.30136576,1.1752545,-0.18418461,-0.5922253,-0.49482593,-0.17515567,0.08136736,7,/
0.0,0.0,0.0,0.0,0.0,0.0,0.0,0.0,0.0,0.0,7,~
-0.7797752,-0.42874986,-0.49700162,-0.87464255,-0.699418,-0.17004927,-0.6479991,-0.67362106,-0.8315162,0.29157186,8, 
-0.6167232,-0.48356763,-0.18319675,1.2267706,0.26120338,0.098901056,-0.613243,-0.73152965,0.6630598,0.4440943,8,e
0.62411696,0.9087892,-0.4777643,0.47118312,0.20975624,0.51180047,-1.2457894,-0.40942428,0.15737742,-0.4187097,8,t
-0.8218295,-0.27167892,1.5407746,0.00813341,0.11996935,-0.90679497,0.060036384,-0.1407956,-0.10011543,0.0813225,8,a
-0.07775007,0.12548485,0.09824309,0.13358362,1.4225968,-0.5432182,0.65620995,-0.19889975,-0.71128476,0.68422204,8,o
-0.2708755,-0.6648199,0.6758918,-0.065689996,0.3297082,1.4342467,-0.38799924,0.58562636,-0.32927343,-0.29669023,8,n
0.14086545,-0.64487374,-0.85222757,-0.2114333,0.64684474,-1.4596822,-0.27100524,-0.26347274,0.26853052,0.17101943,8,i
1.1809272,-0.17772052,0.006984145,-0.00363789,-0.2802075,-0.6619195,-0.04282291,-0.15778315,0.49680245,-1.3069113,8,r
-0.8195465,0.08026812,-0.07271953,0.9132995,-0.92991805,0.13226075,0.05824115,0.12889208,0.96449775,-0.8062227,8,s
-0.3370533,0.6803696,-0.54592746,-0.0044589634,-0.11571418,1.188972,0.6663539,0.82738686,0.14423229,-0.7246482,8,h
0.67984366,-0.46550953,0.17146645,0.7571124,0.7182733,0.23818147,0.722262,0.18421334,-1.1111971,-0.59551024,8,l
0.38220546,-0.25145432,0.24809402,-0.2007481,0.6285604,0.6354288,0.9966004,-0.15328601,0.76713175,-1.1334816,8,d
0.99930704,-0.9722245,-0.29804993,0.59079343,-1.1045235,0.0628099,-0.18985969,-0.20219132,-0.50679374,0.12407408,8,c
0.17858185,0.5683401,0.5345723,-0.5824597,0.3382099,-0.6862849,-0.42132896,-1.1799798,0.8624654,0.34782243,8,u
0.8507363,0.19774811,0.47590435,-1.0263729,-0.8387611,0.038957857,0.4677734,0.93448335,0.014325759,-0.39987752,8,m
0.32121497,-0.034841955,0.006332256,-0.0154905785,0.008128041,0.72208273,0.46861282,1.0231344,-0.80638266,1.1985239,8,f
0.5115997,-0.20976223,-1.0060986,0.049891405,-0.7633858,-0.35726878,0.72865015,0.30928513,0.6405404,0.93577075,8,p
1.162218,-0.13128267,-0.6545084,-0.16068278,0.30642563,0.65251535,0.48838696,0.62036586,0.48290098,0.8485542,8,g
-0.23958096,0.57356817,-0.16309007,-0.10327642,0.84968084,-0.048140414,0.4009945,1.5530304,0.4496316,0.27787068,8,y
-0.03612769,1.0910211,-0.27719435,0.7788167,0.64196163,0.68590045,0.0022039572,0.17673844,-0.8400219,-0.7110012,8,w
-0.24903502,1.0944316,-0.54870445,-0.14700334,-0.66279995,0.025378924,1.0141219,0.6013848,0.19386958,0.7096336,8,b
-0.09447383,0.70537496,0.63023454,0.9816837,0.75930846,0.6391207,-0.0395916,0.79747176,0.6934651,-0.073007,8,.
-0.07356056,0.30962616,1.1507114,0.99865687,0.6047319,-0.025728155,0.17326775,0.063324645,0.75282717,0.6044004,8,","
0.8083686,1.0406917,-0.42555788,-0.56166655,-0.31207833,0.29793316,0.6859806,-0.63408685,-0.18705261,-0.7935006,8,v
0.063974254,1.2493694,1.1445483,-0.0027101957,-0.5054477,-0.108342916,0.501123,0.11159579,0.4283999,-0.5538191,8,k
-0.64466494,0.70857704,0.36099058,-0.591457,0.38757613,0.15266398,-1.281643,0.7891502,0.29925033,0.27157074,8,'
1.0257562,0.58995634,-0.142783,0.34299096,-0.64125335,0.3576044,-1.0548164,-0.7074165,0.21354346,0.42321643,8,T
-0.779254,-0.7697587,-0.22738166,-0.7310806,-0.60567796,-0.1744495,-0.35647595,-0.0087774005,-0.20438734,1.2822374,8,-
-0.05199575,-1.4702955,0.28556234,-0.5912413,-0.7163935,0.31063604,-0.06789467,-0.40581414,0.57012224,-0.48113886,8,S
0.27168563,-0.72209835,-0.28256905,-1.0455642,-1.1099443,-0.34992507,0.8736117,-0.1816995,0.22806937,0.15467572,8,M
0.16366754,0.49519053,-0.81662047,-0.1649699,0.76685053,-0.016448889,-0.49023834,0.47569767,-0.794033,1.1116047,8,`
0.2992717,-0.17241593,-0.37141714,0.4471532,-1.2308466,-0.06877387,0.085482314,-1.1047224,-0.75321937,0.2500847,8,C
-0.48771203,-1.2868325,0.9680149,-0.031464584,0.07313878,0.21760902,-0.05035341,-0.8202443,0.37276074,0.4656088,8,A
-0.9513572,-0.19946232,-0.20555978,0.3261784,0.50303954,0.57714456,-0.39448944,-0.2550682,-0.4517994,1.2644681,8,1
-0.5892982,-0.11390214,0.5228126,-0.9189672,0.54785836,-0.07387217,-0.44992983,0.73949844,0.2239266,0.8937076,8,0
-0.37191018,0.8404353,-0.939154,0.18111679,-0.38367885,-0.16882685,0.3687808,0.00054175407,0.17606027,0.17254582,8,B
-0.40843177,0.781818,0.012503103,0.021396933,-1.142008,0.91976136,0.81916404,0.36714083,0.24455123,-0.28293198,8,H
0.17590205,-0.53099304,-1.5170822,0.3239275,-0.2422302,-0.5914287,0.4972961,0.03363967,0.2191312,0.15101807,8,P
-0.7026941,-0.1420088,-0.54241014,0.70066357,-0.27858087,0.31930512,1.0466851,-0.8531114,0.8352603,-0.018541917,8,x
0.5187164,-0.03812503,0.45105925,1.2735804,0.8882486,-0.72352564,-0.27703106,-0.25825548,-0.088292055,-0.33295408,8,I
-0.046698052,0.08232854,-1.2420284,0.15536714,-0.89102626,0.89075166,-0.23624396,0.5649205,-0.43425706,0.1361854,8,W
1.3034413,-0.46818295,0.10865919,0.3474934,-0.48419225,-0.42634004,0.7735195,0.6128147,0.5805839,0.0077352147,8,D
0.19425133,-0.951969,-0.36776644,0.18215227,-0.26357085,-0.49453238,0.7829631,0.3512348,0.8269086,-0.99300236,8,R
0.6481039,0.44164896,0.38824156,0.6344984,-0.32518017,-0.16430543,0.16156517,0.5284456,-0.6372703,1.0016149,8,F
0.063634366,0.41332826,-0.14198613,-0.36470702,-1.0322295,-0.09014078,0.8735766,-0.8463462,0.3029751,-0.98282,8,L
0.9148406,0.10084889,-0.5023374,1.0460565,0.047440432,-0.33701453,1.153332,0.0023539043,-0.0038762097,0.38163364,8,G
-0.38380662,-0.1991851,-1.2573152,-0.94146895,0.21281725,0.16259617,0.16075373,-0.5333357,0.8328648,-0.2883914,8,J
-1.5391209,0.371429,0.50876063,0.19051169,0.07752619,-0.034276985,-0.54061586,-0.260554,-0.46073493,0.6834844,8,2
-0.9225489,-0.81062794,0.33476362,-0.32938313,-0.474662,1.1207145,0.3128818,-0.23940992,-0.5222368,-0.4250454,8,N
-0.4609685,-0.26557258,0.12277536,-0.15499002,0.45538613,0.13518699,-0.7270243,0.32332176,-0.040850304,1.1655353,8,5
0.63790244,-0.11965959,-0.014008808,-1.2410195,0.43509868,0.049313325,1.2279562,0.034805037,-0.13327476,0.5495576,8,j
-0.8398675,-0.4503654,0.15924583,0.802728,-0.15413967,0.15090375,-1.2685134,0.36108017,-0.652309,0.4248318,8,9
-0.9568175,-0.15934394,-0.7099269,0.7251949,-0.47916883,-0.18120675,-0.48621368,-0.60165274,0.58495706,0.6006961,8,E
0.0022684692,0.91778064,0.42086023,0.014266299,-0.3740177,-0.3899783,-1.2888098,-0.57660234,0.1282229,0.09416637,8,O
0.106647775,0.38867033,-0.29129854,0.19089776,0.27922058,0.8415915,0.80847085,-0.71308637,0.52021945,1.2126019,8,q
0.75577885,0.18126355,-0.5109137,1.2832748,-0.86076283,-0.33004344,-0.32816488,0.48167598,0.54466623,-0.04367849,8,K
-1.6145183,-0.06604673,0.1728519,0.019698286,0.44468263,0.366022,-0.27375588,-0.053002547,-0.15704152,0.91088635,8,3
-1.2244393,-0.38981503,0.0012778072,0.30111256,0.1500715,-0.023229,-0.5006133,0.38281968,-0.30491793,1.048855,8,6
-0.37530118,0.57264644,-0.21644348,0.24939811,-0.42055964,0.46281758,1.3358306,-0.17090233,0.11857242,-0.86765313,8,z
-0.5088644,-0.65310067,1.0006986,0.094763726,0.9021664,0.6294957,0.36945665,0.78584653,0.44029078,0.3821779,8,;
-1.5218147,-0.022534953,0.16692474,-0.27596152,0.46690127,0.19155289,-0.60528284,0.1173407,-0.02157157,0.8021497,8,4
0.4891408,-0.3836321,0.029598871,-0.61347777,0.20568664,-0.8779426,-0.1533223,-1.3578517,-0.37812042,-0.64265203,8,U
-1.0807469,0.117094986,0.029745294,0.23624015,0.12206986,-0.18824753,-0.810281,0.044146482,-0.3240583,1.1557558,8,7
-1.2115084,-0.3692462,0.0081355665,0.3342176,0.16309083,0.048249938,-0.66353244,0.6212477,-0.20413193,0.8103216,8,8
-0.43272236,-0.24598464,0.30444637,-0.32608947,0.4771088,0.3962719,-1.1748636,-0.6365199,-1.146394,0.26244026,8,$
0.033832096,0.24223663,0.52526957,0.7534647,1.0229652,1.0623314,-0.56180596,-0.3288137,0.5990587,0.030852564,8,:
-0.9539857,0.6559066,0.62440574,0.18227684,-0.06489705,0.11712302,0.18869688,0.5407326,0.5873324,1.2432629,8,)
-0.7259826,0.2377167,1.2072479,0.9955615,-0.13704075,-0.25369447,0.31287774,0.6410611,0.43391657,0.10495015,8,(
-0.20948313,-0.6456255,0.015198904,0.19182622,-1.034388,0.7094201,-0.69594634,0.5925133,-0.6227667,-0.7505025,8,Y
0.28555045,0.42234868,0.32354796,1.1703293,-0.6797049,-0.18377052,1.1935647,0.027407795,-0.34938535,0.21312499,8,V
-0.5202402,0.6864547,0.22259058,0.9656731,1.0892469,0.5509232,-0.23538847,0.4002424,-0.21556246,0.72388834,8,?
-0.2117602,0.41447464,0.30973235,1.1710373,0.94480413,0.8547467,-0.16049044,0.5031681,-0.2053111,0.38949507,8,!
-0.777364,0.35212284,0.6893449,1.0618659,-0.5593263,0.52643263,0.13397658,0.5018602,0.05007136,0.7698761,8,&
-0.12475053,0.10979939,-0.0038433496,-0.12220569,-0.5734232,-0.99763733,1.1346043,0.47008485,0.3532363,1.0001272,8,%
0.82715464,0.23086375,0.6379319,-0.14791718,-0.58670837,0.25868055,-0.4460034,-0.7104044,0.52516687,-0.34582558,8,Z
0.21832402,0.65015125,-0.0936931,0.73123443,-0.36150023,0.43256342,0.60777396,-0.5764401,0.6902021,1.0516317,8,Q
0.3370222,1.2608137,0.06677503,0.3535553,0.8644062,-0.16491637,-0.64447194,-0.8402001,0.26952678,-0.27194527,8,/
0.0,0.0,0.0,0.0,0.0,0.0,0.0,0.0,0.0,0.0,8,~
-0.7421225,-0.40431812,-0.52475154,-0.8646854,-0.6668355,-0.12360584,-0.7064198,-0.7223754,-0.84850395,0.24894503,9, 
-0.64875317,-0.49426854,-0.1655137,1.2675225,0.29798478,0.1167839,-0.64775306,-0.7335309,0.63322085,0.45682845,9,e
0.6609977,0.8813463,-0.51463103,0.44719666,0.14924859,0.5408607,-1.2559538,-0.42056498,0.19723772,-0.41292906,9,t
-0.7992296,-0.33572927,1.5513377,-0.031542942,0.105889514,-0.8922113,0.06036379,-0.111899815,-0.1020809,0.08387272,9,a
-0.10678418,0.15528795,0.07815387,0.1347999,1.4537888,-0.5167013,0.72527695,-0.19359946,-0.6910854,0.6764779,9,o
-0.30598593,-0.71103823,0.6506552,-0.12382704,0.2921887,1.4213057,-0.35246044,0.57483494,-0.3380723,-0.24218412,9,n
0.10648779,-0.6235051,-0.9494479,-0.19394058,0.57509804,-1.4504753,-0.23957048,-0.2082608,0.252273,0.24862213,9,i
1.167389,-0.15601294,-0.054503374,-0.027611744,-0.24799928,-0.6929075,-0.05056618,-0.1267262,0.45890543,-1.2986062,9,r
-0.82078505,0.07272454,-0.089876555,0.8694703,-0.9656294,0.07070284,0.08740913,0.12564692,0.914246,-0.8683748,9,s
-0.3739218,0.7461588,-0.5724502,0.019146534,-0.13177626,1.1066824,0.6632154,0.77899605,0.1542443,-0.8141078,9,h
0.7172581,-0.4777916,0.15302172,0.74740833,0.69805044,0.24213444,0.6720797,0.18635148,-1.0963852,-0.5759826,9,l
0.3651238,-0.24094853,0.27591318,-0.15283655,0.67484355,0.668047,0.9942099,-0.1606531,0.74413115,-1.1133044,9,d
0.99930704,-0.9943385,-0.26857337,0.5989934,-1.1182016,0.026224937,-0.17166722,-0.18152273,-0.4996494,0.05459129,9,c
0.21812834,0.53621936,0.48607707,-0.59216857,0.27260315,-0.6316561,-0.38855144,-1.1700338,0.89563227,0.40816978,9,u
0.7711477,0.20401812,0.48717862,-1.0867114,-0.8387544,0.010942748,0.48395002,0.8948986,0.073753744,-0.40227193,9,m
0.27877045,-0.026180543,0.0047325334,-0.034528296,-0.005803314,0.6653978,0.5213907,1.0412279,-0.8118019,1.1609592,9,f
0.54886913,-0.20978776,-0.95769405,0.06532392,-0.7912383,-0.28127337,0.7166292,0.2888952,0.60191464,1.027014,9,p
1.0977281,-0.14917473,-0.61100733,-0.15644014,0.24074301,0.7312774,0.47006717,0.57201266,0.40235433,0.8526292,9,g
-0.17699787,0.5741092,-0.070603386,-0.044099495,0.8311292,-0.061775837,0.37799877,1.5927168,0.44809535,0.2390168,9,y
-0.046867333,1.1693994,-0.21895559,0.66281503,0.5976511,0.77161986,0.0549462,0.19780639,-0.80942917,-0.70223683,9,w
-0.28945032,1.137727,-0.50712943,-0.23236564,-0.6251658,0.008058533,0.98380566,0.5736564,0.20337373,0.710057,9,b
-0.03729708,0.6653234,0.75712925,1.0976571,0.73148537,0.66677785,0.011161723,0.72390753,0.51977164,-0.062162686,9,.
-0.047882196,0.2605322,1.1287309,0.9791381,0.5157019,-0.036743987,0.31137794,0.042921875,0.9135347,0.59097886,9,","
0.84691226,1.0390853,-0.43611577,-0.56410235,-0.3510664,0.30279833,0.60880864,-0.62275916,-0.2163384,-0.82123,9,v
-0.029690033,1.3167859,1.0631962,-0.09467931,-0.4708332,-0.2351043,0.64378387,0.042660687,0.5060219,-0.41176355,9,k
-0.6452502,0.6632531,0.32851946,-0.56936634,0.44147477,0.18005519,-1.2996966,0.8327742,0.24511136,0.20376681,9,'
0.86508757,0.67489916,-0.024667293,0.34882057,-0.63566583,0.34581363,-1.1771547,-0.7201988,0.08268546,0.40030485,9,T
-0.80770355,-0.7506183,-0.27225924,-0.78692806,-0.52389747,-0.23379461,-0.33225635,-0.019073762,-0.2229705,1.2584219,9,-
-0.14728624,-1.4184523,0.36569077,-0.6067618,-0.6989399,0.33056164,-0.21323323,-0.46153015,0.52948695,-0.47541735,9,S
0.27069587,-0.65936095,-0.22563346,-1.0818685,-1.1246699,-0.33523533,0.80665183,-0.06881526,0.2805805,0.1116814,9,M
0.20464994,0.51381105,-0.7101847,-0.056708124,0.8083136,0.03481746,-0.52794695,0.6400483,-0.75582373,1.0599788,9,`
0.32325,-0.21471572,-0.19527635,0.44290498,-1.127643,-0.1340321,0.18350942,-1.1613057,-0.88572323,0.16883537,9,C
-0.39968872,-1.2166153,1.0050735,-0.06645729,0.01932628,0.21634154,-0.13659063,-0.81151634,0.3783398,0.3979877,9,A
-1.0263314,-0.1359607,-0.17913863,0.39411697,0.47607946,0.54336435,-0.41635334,-0.27443254,-0.39340445,1.3001069,9,1
-0.62038726,-0.07972395,0.35087,-0.8314262,0.7579135,-0.12789235,-0.39747837,0.6285534,0.2627923,0.99454945,9,0
-0.35755643,0.9099348,-0.8706657,0.20653571,-0.32578897,-0.27560848,0.3824252,0.05270039,0.2050998,0.19547758,9,B
-0.3548498,0.7735429,-0.005425528,0.11878463,-1.0728873,0.91499466,0.8435113,0.25437346,0.26811925,-0.13906367,9,H
0.17979331,-0.53392863,-1.5563596,0.37517765,-0.27546787,-0.5277412,0.5555077,0.04014648,0.29228932,0.14254767,9,P
-0.61084473,-0.13859154,-0.54582894,0.74872273,-0.3629995,0.40171394,0.99290323,-0.82414126,0.87600094,0.0095634395,9,x
0.5439286,-0.03509237,0.49744996,1.2448462,0.9385418,-0.7709406,-0.24605452,-0.20691602,-0.17286727,-0.32794702,9,I
-0.08538817,0.17196155,-1.2566355,0.20554858,-0.9382166,0.8792048,-0.21884085,0.5589969,-0.45477778,0.14034541,9,W
1.2423267,-0.56057227,0.045726333,0.35048947,-0.5129995,-0.39355606,0.7326089,0.48875514,0.6130168,-0.002928388,9,D
0.16942213,-0.97797155,-0.35241073,0.22139287,-0.16075271,-0.5074826,0.77040076,0.30629486,0.9749744,-0.92437845,9,R
0.72239786,0.47453493,0.35978168,0.6645251,-0.3006223,-0.16732475,0.06008699,0.53634685,-0.64202833,0.9273522,9,F
-0.10714516,0.48141074,-0.20203422,-0.59104604,-0.8682232,-0.1404146,0.8357166,-0.8360883,0.3129963,-1.0451956,9,L
0.8143976,0.08995191,-0.5994922,1.1169819,0.18333682,-0.28739113,1.1227419,0.09775988,-0.06510019,0.3910708,9,G
-0.3320318,-0.14313294,-1.2681795,-0.8763763,0.2211248,0.20105287,0.17389911,-0.6194881,0.8881546,-0.27375934,9,J
-1.4704257,0.23217519,0.4489171,0.13806924,-0.09527956,0.019675244,-0.5145401,-0.19016822,-0.40491408,0.8584448,9,2
-0.9213558,-0.83078825,0.33177185,-0.36734405,-0.4401152,1.2203605,0.20339864,-0.13782336,-0.47075617,-0.40431896,9,N
-0.6469919,-0.36464405,0.19737844,-0.079014696,0.6284299,0.21249382,-0.6913776,0.24274422,-0.028057743,1.0991112,9,5
0.5302327,-0.24511671,0.117494486,-1.3190781,0.5414877,-0.019194195,1.1575073,-0.09282223,-0.21484548,0.4656427,9,j
-0.747917,-0.2965056,0.294713,0.8945726,-0.10087704,0.047774374,-1.2397603,0.2674945,-0.48927584,0.31133685,9,9
-0.9673016,-0.23346871,-0.5819465,0.6682205,-0.54189336,-0.23081815,-0.48623356,-0.6922922,0.5570077,0.5714707,9,E
0.16687782,0.8958397,0.26643658,0.047919158,-0.30279136,-0.4970293,-1.3395789,-0.58817446,0.25169286,0.09630661,9,O
0.017262954,0.49238044,-0.3781688,0.25505617,0.29908207,0.800982,0.83902144,-0.67480457,0.5280863,1.1747266,9,q
0.8656554,0.18362738,-0.50196546,1.292712,-0.7970934,-0.3206217,-0.2684301,0.35433808,0.594602,-0.067306034,9,K
-1.5571146,-0.08073125,0.23010994,0.034320507,0.38991806,0.4098145,-0.24277063,-0.05620713,-0.12835418,0.9982753,9,3
-1.2426963,-0.47938347,0.20345864,0.31566802,0.1835887,-0.16603081,-0.5006151,0.41107848,-0.3766641,0.7037178,9,6
-0.5086447,0.61294097,-0.08624037,0.22739193,-0.24740691,0.33886492,1.1795554,-0.0140503505,0.06735207,-0.8260715,9,z
-0.49752206,-0.62321365,0.6949802,0.04780537,0.8291702,0.65935117,0.37102392,0.9245428,0.3574316,0.4066397,9,;
-1.1897702,-0.22296518,0.023214959,-0.100545846,0.45883334,0.26550758,-0.43153378,0.17105487,-0.033486675,0.83258754,9,4
0.5632512,-0.37976035,-0.017068978,-0.5287948,0.22518067,-0.8161027,-0.14334907,-1.3380467,-0.36959282,-0.7241916,9,U
-1.14606,-0.062274855,0.3661386,0.29065597,0.05357302,-0.09833925,-0.6301326,0.22464034,-0.21196446,1.0041976,9,7
-1.3136839,-0.23735051,-0.016964799,0.1859202,0.035105724,-0.009319012,-0.5940174,0.5977171,-0.108649984,0.85678506,9,8
-0.37310418,-0.3191588,0.25401312,-0.2940879,0.5324075,0.51184124,-1.2311052,-0.53503895,-1.0753431,0.24175365,9,$
0.28245506,0.12410186,0.5317889,0.69698024,1.0881076,1.0586576,-0.4088096,-0.3551718,0.55069935,0.009700041,9,:
-0.72205484,0.6833372,0.7099949,0.27540806,-0.0230988,0.3302553,0.097877555,0.59610975,0.56792134,1.2785463,9,)
-0.7112674,0.383772,1.2417314,0.94236887,-0.13607357,-0.3409971,0.17038324,0.6890664,0.3232638,0.24667695,9,(
-0.21263118,-0.5432161,0.2073675,0.2852392,-1.0266579,0.81617427,-0.56433594,0.6298567,-0.63021547,-0.72806615,9,Y
0.36133188,0.43309203,0.33932298,1.2342131,-0.73009104,-0.23100013,1.1663587,0.112199515,-0.28776345,0.03555891,9,V
-0.64914453,0.4864933,0.37513968,1.0034003,0.91023606,0.6140471,-0.38733944,0.55916744,-0.065164566,0.65612864,9,?
-0.050354064,0.504627,0.3624681,1.2137135,0.8798458,0.6671959,-0.10133288,0.6268476,-0.34644148,0.51392704,9,!
-0.71503234,0.34723908,0.6803138,1.1048286,-0.6082558,0.57625514,0.11377677,0.5922361,0.057148755,0.73041344,9,&
-0.17077968,0.21461935,0.18701796,-0.20184433,-0.6597585,-1.0879307,1.2492521,0.13422719,0.31584394,0.69893175,9,%
1.0629745,0.11839065,0.6073449,-0.039936133,-0.6747417,-0.017618978,-0.5173283,-0.9905493,0.6726747,-0.5118142,9,Z
0.22554079,0.5164456,-0.13506182,0.68597835,-0.4107087,0.4418765,0.72460186,-0.5615791,0.7778951,0.9951924,9,Q
0.5155008,0.9368842,-0.22882645,0.48969936,0.9305796,0.17374942,-0.5684756,-0.7756929,-0.15138966,-0.24768089,9,/
0.0,0.0,0.0,0.0,0.0,0.0,0.0,0.0,0.0,0.0,9,~
-0.7247256,-0.39973983,-0.5077138,-0.8928565,-0.633537,-0.19015768,-0.69287175,-0.720902,-0.8542939,0.30479026,10, 
-0.6006112,-0.4706962,-0.17263754,1.2529615,0.31828713,0.11597225,-0.656166,-0.7300463,0.6726018,0.4439634,10,e
0.6435256,0.92986315,-0.46224853,0.41408113,0.110030115,0.52516156,-1.2475014,-0.4362156,0.15810297,-0.37039074,10,t
-0.8281424,-0.3409451,1.5308067,0.021531316,0.13143308,-0.8956746,0.0898837,-0.119163506,-0.06738987,0.0668966,10,a
-0.1018623,0.100843646,0.079561785,0.109856166,1.4050403,-0.5592949,0.70454603,-0.20095797,-0.7353315,0.69357896,10,o
-0.3026303,-0.6994096,0.6161035,-0.12234012,0.29908648,1.4824471,-0.36442724,0.60590404,-0.38260803,-0.25948063,10,n
0.16321786,-0.6346003,-0.9028433,-0.17608526,0.61656433,-1.4396338,-0.24992862,-0.24952441,0.24117415,0.29180616,10,i
1.1331078,-0.18184069,-0.07526273,-0.007936129,-0.24084216,-0.6808069,-0.07726536,-0.16820467,0.45137596,-1.3138965,10,r
-0.823843,0.037208196,-0.12792824,0.84904075,-0.9246218,0.0836806,0.095854156,0.15356787,0.98272526,-0.8374108,10,s
-0.3066892,0.7237172,-0.5150123,-0.0216972,-0.14614944,1.1200553,0.67409295,0.8390028,0.11543527,-0.72247213,10,h
0.71952695,-0.49274743,0.14892937,0.77482164,0.72684246,0.25659248,0.6795253,0.15885833,-1.0842854,-0.6001225,10,l
0.30206785,-0.19686854,0.23034509,-0.1737989,0.58001477,0.71301323,1.0277995,-0.14507951,0.812997,-1.0970615,10,d
0.9767325,-0.9581248,-0.3151086,0.60710156,-1.1507515,0.06724742,-0.13220613,-0.096539214,-0.5442967,0.07615127,10,c
0.16715969,0.5725637,0.41858506,-0.59677863,0.2646227,-0.62907284,-0.4288287,-1.1670862,0.9093459,0.3780379,10,u
0.779173,0.24897069,0.56119865,-1.0211049,-0.8064596,0.052690767,0.47077066,0.97069323,0.047848985,-0.3924158,10,m
0.23131965,-0.07636224,0.056984887,0.06560156,0.043328345,0.71981466,0.5113128,1.0209371,-0.8685171,1.1509907,10,f
0.4909078,-0.19266896,-1.0192475,-0.0017309282,-0.7901421,-0.2914926,0.68219906,0.3356833,0.61143494,0.9939217,10,p
1.139206,-0.19321117,-0.6557435,-0.17972519,0.33161318,0.657167,0.5630162,0.69638366,0.44568726,0.8027109,10,g
-0.27202567,0.61283493,-0.15471368,-0.14203817,0.90169346,-0.16681403,0.39724505,1.445511,0.53948087,0.35651156,10,y
-0.0814626,1.1938148,-0.24085292,0.7158087,0.60504925,0.69001156,-0.015453393,0.12889378,-0.79467523,-0.6996592,10,w
-0.28402227,1.1334697,-0.45837998,-0.14143436,-0.6624806,0.0069757123,1.0273952,0.551815,0.16761918,0.7127798,10,b
-0.0945034,0.7068671,0.82318586,1.0436071,0.68093324,0.63976586,-0.11289382,0.6591116,0.6230008,-0.12799639,10,.
0.038131714,0.058109477,1.1925905,0.9293179,0.6602914,-0.1078273,0.10519581,0.08309144,0.81318545,0.55554557,10,","
0.7766531,1.0797659,-0.37842694,-0.6372963,-0.32687664,0.29507905,0.66016835,-0.6326395,-0.21203054,-0.7788643,10,v
-0.007644172,1.2499489,1.1187867,0.011217624,-0.4597092,-0.13535072,0.6352796,0.031036993,0.5192793,-0.51775306,10,k
-0.71349657,0.76102537,0.37718087,-0.60464233,0.4422362,0.10095117,-1.2526981,0.69807607,0.24302794,0.2236153,10,'
0.9174108,0.70758665,-0.07104782,0.38641915,-0.6159222,0.36769417,-1.0522053,-0.72850657,0.15100828,0.5527854,10,T
-0.79538435,-0.7343152,-0.16632141,-0.8058801,-0.5932943,-0.263376,-0.2096795,0.0342189,-0.1999177,1.2824081,10,-
-0.12968922,-1.3113906,0.38055906,-0.60443413,-0.643598,0.33602017,-0.114111274,-0.44552696,0.52097833,-0.4921071,10,S
0.2442926,-0.6925276,-0.25993824,-1.1266905,-1.1080908,-0.3560801,0.79683757,-0.20909545,0.26080343,0.149597,10,M
0.11658008,0.5361593,-0.7739566,-0.11884114,0.8129747,-0.10471878,-0.5603969,0.5211358,-0.95682913,0.95313793,10,`
0.34449908,-0.09561099,-0.32596216,0.44731224,-1.177476,-0.12179886,0.12617023,-1.2016739,-0.7868938,0.12520939,10,C
-0.42629704,-1.2067567,0.92352206,-0.067780174,0.0008645132,0.13487656,-0.11848763,-0.8293634,0.3443201,0.46879223,10,A
-0.9904077,-0.12629585,-0.13031732,0.4033062,0.44361085,0.49952322,-0.3649943,-0.24862373,-0.38580397,1.2520545,10,1
-0.6196059,-0.038913913,0.44478127,-0.9238645,0.61939234,-0.09734849,-0.53601235,0.64891136,0.40604421,0.9410414,10,0
-0.38585848,0.97045577,-0.8890154,0.1567402,-0.30802706,-0.25520846,0.44524705,-0.0144293895,0.20316987,0.2060337,10,B
-0.3477117,0.7241542,-0.06054418,0.053463724,-1.0611582,1.0658478,0.8141594,0.42437035,0.20274682,-0.11725626,10,H
0.17809063,-0.5585021,-1.6371247,0.36889628,-0.34938055,-0.46146807,0.6089222,0.040779036,0.21155143,0.18766372,10,P
-0.5458254,-0.20358388,-0.42339966,0.72998744,-0.2993364,0.37913588,1.039554,-0.8434162,0.87313133,-0.070473485,10,x
0.5525074,0.05654192,0.54154825,1.1598964,0.8025515,-0.7239681,-0.34420827,-0.22844906,-0.108402684,-0.32777983,10,I
-0.055719856,0.1430778,-1.3355942,0.16589832,-0.9412926,0.8858393,-0.2415572,0.43284371,-0.47623897,0.1190377,10,W
1.3857665,-0.39955038,0.092889026,0.31957808,-0.54255545,-0.4959061,0.75083053,0.5812207,0.573095,0.06906048,10,D
0.21332988,-0.91290236,-0.413105,0.036728434,-0.13696478,-0.44788268,0.84855795,0.2394136,1.0276597,-0.9467222,10,R
0.74636334,0.38918278,0.3255797,0.64750147,-0.35951078,-0.19335806,0.1146225,0.46633017,-0.64436,0.9358455,10,F
-0.13598332,0.5177057,-0.18552825,-0.46689096,-0.86630046,-0.07944492,0.76851416,-0.84381545,0.33325157,-0.9656336,10,L
0.88488716,0.017745744,-0.6009785,1.0766205,0.05175098,-0.33842131,1.2106342,0.024692222,0.05320717,0.3280408,10,G
-0.35941768,-0.15795073,-1.2594728,-0.8640833,0.21332914,0.20602195,0.1408164,-0.61046934,0.8889843,-0.25085226,10,J
-1.3784294,0.34970158,0.35006288,0.22505482,0.056065436,0.24108203,-0.59440875,-0.16353332,-0.53271997,0.7374274,10,2
-0.8622068,-0.8545992,0.42628798,-0.3347623,-0.39569357,1.2660729,0.15587923,-0.10855441,-0.5286141,-0.31998032,10,N
-0.5738572,-0.47117808,0.18023743,-0.23984855,0.4750135,0.29979336,-0.6319684,0.2794658,-0.0024927426,1.1043905,10,5
0.5326019,-0.123074055,0.045527745,-1.3892848,0.4706452,0.16401218,1.1435115,0.035187006,-0.12010507,0.44011724,10,j
-0.6305443,-0.53015953,0.25818816,0.8015058,-0.27664587,0.053721942,-1.2060988,0.2213098,-0.54565835,0.27751443,10,9
-1.0078814,-0.30260372,-0.6973254,0.6985224,-0.5427161,-0.11701166,-0.5131507,-0.6231048,0.6511444,0.68153137,10,E
0.09637024,1.0232666,0.168569,0.039616033,-0.291606,-0.4841735,-1.3635386,-0.71047884,0.20548005,0.101045616,10,O
0.10845053,0.41164723,-0.4301249,0.2714014,0.19231969,0.7524324,0.77992654,-0.7324297,0.5127077,1.2447364,10,q
0.82764417,0.26806995,-0.588972,1.2344238,-0.7787216,-0.409717,-0.2802678,0.31452337,0.546385,-0.035657,10,K
-1.6099881,0.0010759775,0.3206388,0.1158176,0.28327018,0.41630694,-0.2574047,-0.056617044,-0.07764186,0.74446493,10,3
-1.4010067,-0.2953137,0.2586577,0.47267056,0.25695652,-0.29766703,-0.5016242,0.5292257,-0.45575926,0.86017215,10,6
-0.5642881,0.56172353,-0.25749403,0.15943381,-0.27165556,0.31485045,1.6395496,-0.22552715,-0.13266723,-0.42822617,10,z
-0.4406684,-0.5781394,0.8522006,0.045639835,1.1107634,0.5913394,0.19066328,0.8529819,0.3979335,0.47063085,10,;
-1.3525181,-0.3562583,0.055598237,-0.1404922,0.43165874,0.23285894,-0.5550653,0.14382963,-0.085541606,0.7309565,10,4
0.4560866,-0.43083546,0.051165193,-0.49434,0.20396969,-0.8255749,-0.34959877,-1.3588054,-0.3505566,-0.7287294,10,U
-1.3730583,-0.017368173,0.1890879,0.28869364,0.07058386,0.015162091,-0.40658638,0.053633105,-0.41640192,0.99686223,10,7
-1.2843646,-0.20964114,-0.089427575,0.38126537,0.023482127,0.09122891,-0.5614159,0.44994178,-0.09194042,0.69346374,10,8
-0.37842745,-0.42906153,0.46125302,-0.5799567,0.37999523,0.49710542,-1.0663128,-0.6596023,-1.0696098,0.07591632,10,$
0.007857682,-0.15163253,0.65262413,0.88376236,0.9822805,0.93573236,-0.5163342,-0.30346885,0.67756295,0.009299148,10,:
-0.6545815,0.6944128,0.63234305,0.42286786,-0.057811297,0.3837321,0.018244248,0.5726562,0.33877516,1.3647604,10,)
-0.6932208,0.17729135,1.130731,1.0304501,-0.19299316,-0.30494258,0.27293712,0.77826166,0.2629788,0.37268418,10,(
-0.29976055,-0.62347436,0.24898803,0.23906478,-1.0470309,0.726812,-0.52158856,0.5570138,-0.5395378,-0.7762812,10,Y
0.2689271,0.39856032,0.35627216,1.2650421,-0.74483645,-0.25827572,1.1261954,0.18206705,-0.23062803,0.19972807,10,V
-0.67214066,0.53884876,0.3307136,0.91061044,1.003549,0.61553705,-0.24091697,0.65102535,-0.108533435,0.5825362,10,?
-0.203528,0.5263183,0.41210464,1.2755775,0.9525028,0.69253415,-0.19788584,0.47331148,-0.06428419,0.48005912,10,!
-0.7637517,0.32402065,0.7218136,1.1856533,-0.633643,0.65524334,0.07978034,0.4534764,0.035591073,0.5837686,10,&
-0.42173785,0.4123623,-0.08525939,-0.10022892,-0.64371115,-0.8980849,1.1355684,0.27019826,0.46793672,0.85550326,10,%
1.2465997,0.057711173,0.5539058,-0.10484296,-0.77630895,0.069780655,-0.4290867,-0.75985223,0.61017036,-0.6192986,10,Z
0.06033196,0.7064272,0.00031702407,0.88467383,-0.22449693,0.47353277,0.79392916,-0.5616503,0.63896126,1.0421103,10,Q
0.53182036,0.8495061,-0.003984433,0.2770271,0.79420847,-0.12882882,-0.56221795,-0.8481587,0.17561923,-0.38183847,10,/
0.0,0.0,0.0,0.0,0.0,0.0,0.0,0.0,0.0,0.0,10,~
-0.7583883,-0.3978437,-0.47331297,-0.882876,-0.6855217,-0.13667524,-0.6439332,-0.68289435,-0.90923244,0.25836688,11, 
-0.6179851,-0.52112967,-0.15311605,1.2154272,0.34180814,0.11645277,-0.6417393,-0.7296158,0.6940196,0.45218614,11,e
0.6338085,0.9216351,-0.47732297,0.4189818,0.16872479,0.47879222,-1.2502939,-0.38930115,0.2186546,-0.428354,11,t
-0.8606683,-0.34640297,1.5104717,0.028936256,0.082944505,-0.89905703,0.094569825,-0.09937298,-0.118178345,0.05054478,11,a
-0.10863003,0.14864275,0.12402767,0.15170437,1.4342818,-0.54500407,0.7272067,-0.23339598,-0.72292006,0.6838108,11,o
-0.23351961,-0.7377502,0.6375346,-0.10026526,0.3486128,1.4691808,-0.34137398,0.57924294,-0.29392096,-0.25694022,11,n
0.13290596,-0.59084517,-0.9541274,-0.22499216,0.6085377,-1.450849,-0.22648787,-0.17848831,0.22885227,0.24788664,11,i
1.1965591,-0.1902472,-0.014636431,-0.0033286372,-0.26420406,-0.6792302,-0.055397514,-0.10825314,0.49799114,-1.3182892,11,r
-0.809473,0.061770666,-0.049865708,0.8103412,-1.0084506,0.026880322,0.14422986,0.10906035,0.99384767,-0.7811715,11,s
-0.39741865,0.6594639,-0.5510766,-0.117706574,-0.111722045,1.1429857,0.6320742,0.8546573,0.13782816,-0.763827,11,h
0.6561427,-0.5027373,0.19764583,0.80056626,0.68178624,0.29951638,0.66610587,0.23934138,-1.1006017,-0.6015591,11,l
0.3098052,-0.1799855,0.24886858,-0.13779452,0.66671675,0.702541,0.94019216,-0.20703222,0.81027424,-1.0966929,11,d
1.0026355,-0.91917783,-0.3125732,0.60596687,-1.118154,0.037321474,-0.16952716,-0.14740133,-0.5863769,0.08176798,11,c
0.18091919,0.6302576,0.4886104,-0.56580615,0.27006754,-0.6330204,-0.45798755,-1.1900239,0.909015,0.29205805,11,u
0.7517669,0.2526638,0.45896932,-1.0262043,-0.84379244,0.0148969535,0.5285096,0.92446196,0.044033967,-0.44599542,11,m
0.22749805,-0.100444004,0.05458181,0.0010340328,0.023743242,0.7585727,0.4922663,1.0904671,-0.7421612,1.1695366,11,f
0.51077497,-0.19416252,-0.96882063,0.035997752,-0.80819654,-0.3698564,0.72761,0.29521623,0.63354295,0.97651386,11,p
1.2243143,-0.14308831,-0.71422076,-0.14595684,0.31080353,0.5837127,0.40925086,0.5843769,0.555191,0.82860345,11,g
-0.24873911,0.5510715,-0.15330833,-0.10088633,0.94225496,-0.07222626,0.27868086,1.4998713,0.47882846,0.2719838,11,y
-0.09455624,1.1501627,-0.2335794,0.6944076,0.5975616,0.7666641,0.015735006,0.15334785,-0.82204103,-0.6815743,11,w
-0.27922216,1.1832474,-0.42835313,-0.13703966,-0.56253916,0.051841967,1.0042146,0.5211616,0.1612249,0.713841,11,b
-0.15415539,0.6700752,0.7510269,1.0807232,0.712202,0.6487751,-0.046621498,0.70233536,0.60960984,-0.004134683,11,.
-0.06862411,0.12180572,1.231993,0.9101791,0.59631693,-0.18294449,0.22349091,0.057575874,0.73237944,0.80304044,11,","
0.7813021,1.0876038,-0.493421,-0.5928128,-0.27479064,0.24819446,0.5999544,-0.68910503,-0.21579657,-0.770262,11,v
0.059079707,1.2591801,1.1064444,0.040321194,-0.50782937,-0.12420037,0.589157,-0.09119545,0.51362664,-0.54090494,11,k
-0.6778554,0.7657796,0.39696327,-0.5590434,0.41058674,0.073640384,-1.2780924,0.7551279,0.2124167,0.24722452,11,'
0.8357434,0.6587753,0.033225693,0.36453438,-0.5822157,0.42785642,-1.0287843,-0.64007884,0.11487538,0.50312835,11,T
-0.7212782,-0.78647715,-0.1249164,-0.6695322,-0.5924827,-0.20856456,-0.37366498,0.07032205,-0.15440919,1.2590145,11,-
-0.11797195,-1.4126223,0.35852554,-0.5904758,-0.63781744,0.3099016,-0.07638182,-0.4556352,0.48411554,-0.50235623,11,S
0.27147353,-0.6685935,-0.16502663,-1.1239427,-1.0090324,-0.38140926,0.84025854,-0.16218756,0.2510887,0.07126667,11,M
0.20304255,0.50707835,-0.7931873,0.013939502,0.9373449,-0.11268842,-0.50320256,0.529429,-0.73222756,0.92604846,11,`
0.41442323,-0.23387894,-0.2540073,0.32265854,-1.2278458,-0.12147497,0.12902495,-1.1286317,-0.871242,0.1717123,11,C
-0.45408383,-1.1627944,0.9926686,-0.008798745,0.09081516,0.24208829,0.07134695,-0.8519969,0.33211076,0.5000062,11,A
-1.0632448,-0.12903115,-0.16423438,0.36908826,0.4187878,0.55050933,-0.33775917,-0.24699455,-0.38574496,1.3738018,11,1
-0.5246467,-0.31761354,0.31203055,-0.86468595,0.59283334,-0.14329857,-0.53798735,0.7311741,0.16440155,1.0612149,11,0
-0.33150655,0.9616293,-0.94329673,0.23158377,-0.32248327,-0.2578405,0.39514884,-0.07854565,0.24266493,0.2615654,11,B
-0.4349725,0.7580251,-0.06907726,0.0840786,-1.1727953,1.0003852,0.7290668,0.23729154,0.1958914,-0.19725694,11,H
0.27758563,-0.5369051,-1.5923289,0.39759523,-0.22194017,-0.5418054,0.60323244,0.06282404,0.25375837,0.136118,11,P
-0.6841266,-0.17567615,-0.5975371,0.7131286,-0.30232483,0.4392588,0.9290711,-0.7219256,0.9061417,-0.16081744,11,x
0.57111114,0.052060015,0.53497267,1.1172485,0.76213396,-0.7001572,-0.34841314,-0.24416143,-0.015594029,-0.37234008,11,I
-0.09954732,0.20357993,-1.2788676,0.12735939,-0.9803254,0.8325242,-0.22146899,0.46134436,-0.55789256,0.19047497,11,W
1.3728632,-0.3800447,0.08900112,0.2673452,-0.5293546,-0.48653835,0.7244972,0.5902454,0.6512732,0.083670035,11,D
0.2636262,-0.93799496,-0.33320057,0.102167256,-0.141568,-0.46042946,0.8209893,0.26576832,0.91216,-1.0585257,11,R
0.59491473,0.39504513,0.3040756,0.5912357,-0.32963344,-0.123610385,0.05092124,0.52745044,-0.6151545,1.0553156,11,F
-0.0024576788,0.4204255,-0.065260865,-0.52802575,-0.89048314,-0.047747295,0.80985385,-0.93363464,0.31021443,-1.0588466,11,L
0.8579401,-0.0046775676,-0.6703191,1.1575243,0.12892401,-0.36221913,1.0983281,-0.026629169,0.054850396,0.3179996,11,G
-0.38408908,-0.110313706,-1.2508838,-0.8686824,0.20169833,0.23201941,0.19329296,-0.54501647,0.99125594,-0.20225699,11,J
-1.4496543,0.43489447,0.4717941,0.13598622,0.011870992,0.08486916,-0.48861155,-0.20505454,-0.4861892,0.72070783,11,2
-0.83846736,-0.8344572,0.34463832,-0.39526492,-0.6208647,1.2429136,0.089755565,-0.13329709,-0.50035995,-0.34518322,11,N
-0.6041501,-0.57245666,0.1752698,-0.2578576,0.576332,0.22478177,-0.74518746,0.23064856,-0.063015886,1.1475337,11,5
0.5525808,-0.24206343,0.10416036,-1.3335973,0.42479306,0.062576085,1.0867066,-0.06803387,-0.15540987,0.38934684,11,j
-0.7548713,-0.32772446,0.31319264,0.87885886,-0.16111852,0.11810729,-1.2616707,0.40070018,-0.5727791,0.29667786,11,9
-1.0433645,-0.12435669,-0.7250024,0.6483828,-0.55127716,-0.14991502,-0.5210571,-0.7168286,0.6181063,0.5738377,11,E
0.10561487,0.88394076,0.12886055,0.04185403,-0.42392582,-0.4758268,-1.2062848,-0.5835264,0.29638276,0.08602326,11,O
0.122728795,0.3598929,-0.3119717,0.1787685,0.23318775,0.82425463,0.7478293,-0.71694946,0.61713916,1.197114,11,q
0.8860941,0.2658047,-0.5963036,1.2161115,-0.7832878,-0.36514583,-0.32321575,0.3123043,0.5955932,-0.047836132,11,K
-1.4840899,0.0155661795,0.18984196,-0.05997254,0.33286175,0.31029102,-0.20296888,-0.1004962,-0.20239654,1.0129008,11,3
-1.3770255,-0.51001537,-0.0041753086,0.5011921,0.20055774,-0.20082958,-0.53745127,0.407695,-0.3835525,0.8660935,11,6
-0.42067048,0.7690496,-0.23417008,0.37200195,-0.20179838,0.39930773,1.4538608,0.04018175,0.10248332,-0.83664656,11,z
-0.2831817,-0.5227578,0.7424871,0.1608969,1.045235,0.65094006,0.40540326,0.9534491,0.4573747,0.44450414,11,;
-1.520135,-0.2532577,0.08593191,-0.21705261,0.4204254,0.18475617,-0.4229844,0.092789255,-0.10304759,0.7316748,11,4
0.46481168,-0.3907084,-0.028736293,-0.6336413,0.20336717,-0.8043028,-0.14146398,-1.3774799,-0.23545554,-0.7433229,11,U
-1.3876538,0.07729226,0.13936174,0.3695139,-0.11816168,-0.089891694,-0.52497286,0.036438823,-0.2306117,1.0709183,11,7
-1.264432,-0.20046666,-0.14475057,0.27279836,0.2837669,0.0025012214,-0.63888836,0.4668551,-0.092069425,0.8300515,11,8
-0.2542722,-0.38971725,0.31401187,-0.52447355,0.38435152,0.50917864,-1.1663237,-0.49653235,-1.0765132,0.33737612,11,$
0.050686695,-0.24308713,0.5592905,0.7568321,0.9726529,1.1258932,-0.52659136,-0.18066536,0.60424584,-0.108115755,11,:
-0.6284775,0.57505226,0.6638788,0.4005207,0.03255371,-0.0021607229,0.07751028,0.53575724,0.4381213,1.4546442,11,)
-0.66918445,0.42295858,1.1398977,0.90069395,-0.24137041,-0.28349942,0.4150197,0.88945603,0.25161397,0.31203625,11,(
-0.34144524,-0.63658345,0.11009198,0.20979448,-0.94574285,0.80680716,-0.70415044,0.4835063,-0.63037556,-0.8658496,11,Y
0.33814484,0.2804682,0.2034539,1.1748594,-0.64198434,-0.15138035,1.1512794,0.21158628,-0.41536894,0.22394125,11,V
-0.6295335,0.6286011,0.46984375,0.9076722,0.9588735,0.7416979,-0.22512376,0.5903166,-0.16897663,0.5163958,11,?
-0.014070085,0.5624935,0.29979703,1.2248498,0.9551051,0.68147963,-0.11870784,0.6245881,-0.20097114,0.5215703,11,!
-0.9687843,0.45165917,0.7455964,1.0546498,-0.46226537,0.6044776,0.10630652,0.29092178,0.12853011,0.6916512,11,&
-0.299147,0.1822418,0.17855226,-0.2716231,-0.48712376,-1.1033645,1.2414058,-0.019476596,0.4685463,0.72894025,11,%
1.1040976,-0.13570966,0.6110304,-0.22958171,-0.7041297,0.14390002,-0.68088615,-0.76992714,0.37611008,-0.7102189,11,Z
0.13304535,0.6426551,-0.1993742,0.6547508,-0.28683445,0.54517555,0.7819293,-0.6840448,0.46198747,1.0859743,11,Q
0.5642054,0.7492192,0.013145354,0.08399697,1.2432692,-0.11908444,-0.40647194,-0.8535398,-0.091846466,0.19726276,11,/
0.0,0.0,0.0,0.0,0.0,0.0,0.0,0.0,0.0,0.0,11,~
-0.708637,-0.4192726,-0.49850595,-0.927703,-0.7232205,-0.14677884,-0.6324655,-0.7011162,-0.85459495,0.21541089,12, 
-0.5847591,-0.4811095,-0.17122251,1.2611322,0.3540355,0.1509903,-0.6390801,-0.6894751,0.7242542,0.4393125,12,e
0.606918,0.9056106,-0.46498865,0.5063129,0.14645147,0.4904212,-1.2891574,-0.37733668,0.20721154,-0.38105026,12,t
-0.86244756,-0.30846623,1.5218295,-0.021946995,0.11353125,-0.90037775,0.02068682,-0.09588493,-0.09087683,0.055997755,12,a
-0.085002296,0.1610377,0.062469646,0.12257789,1.4397875,-0.53182894,0.7031247,-0.18658777,-0.7040105,0.66584563,12,o
-0.31346264,-0.66633713,0.69356793,-0.15454777,0.34860915,1.4802142,-0.36096087,0.55226666,-0.35033214,-0.2636991,12,n
0.12195099,-0.6662328,-0.92058784,-0.24503815,0.5592945,-1.4511358,-0.21691835,-0.23765469,0.20604877,0.2579343,12,i
1.1236033,-0.2054676,-0.0077046505,-0.030898875,-0.31413698,-0.68174535,-0.037191294,-0.105957694,0.45432064,-1.2978235,12,r
-0.8261061,0.08560899,-0.089395076,0.90829104,-0.935501,0.06623576,0.1378508,0.08654075,0.9446355,-0.82392824,12,s
-0.32388496,0.63669693,-0.53955376,0.00043492642,-0.0860658,1.0924853,0.66739744,0.814081,0.1529718,-0.78575706,12,h
0.7494757,-0.5098269,0.20360982,0.72473896,0.7255319,0.28723937,0.64604694,0.22335607,-1.0838766,-0.6005852,12,l
0.3177378,-0.20506746,0.30983198,-0.21490198,0.65712506,0.629835,1.0180811,-0.18471442,0.852404,-1.0436015,12,d
0.98287046,-0.926002,-0.2439987,0.59286743,-1.1033471,0.014956143,-0.15162385,-0.17604992,-0.5191811,0.085208274,12,c
0.17479388,0.58060485,0.44194183,-0.54475814,0.2608406,-0.63244146,-0.42426488,-1.2090847,0.9100817,0.3138468,12,u
0.82197815,0.16633688,0.5019094,-1.0367808,-0.83482635,0.017094094,0.4813782,0.93581235,0.0561227,-0.40250382,12,m
0.21087618,0.008411478,0.025498673,0.054628808,-0.042531613,0.68537736,0.5165301,1.0222821,-0.8698467,1.076811,12,f
0.5115875,-0.19990772,-0.90701157,0.047730736,-0.831346,-0.3197504,0.73172206,0.3464939,0.586643,1.0225511,12,p
1.1050018,-0.19214351,-0.6690663,-0.17168532,0.33418256,0.7079443,0.38610962,0.56698173,0.43524414,0.92205894,12,g
-0.2215884,0.5864828,-0.053412646,-0.20082241,0.8577464,-0.1752999,0.34927806,1.4810166,0.43613446,0.29916728,12,y
-0.03835568,1.2273886,-0.27295256,0.70883554,0.6214255,0.68844223,-0.019993095,0.16854578,-0.81430084,-0.6025601,12,w
-0.33613712,1.1054338,-0.4567043,-0.1549879,-0.5719699,-0.037060056,1.0250214,0.65316117,0.23765428,0.6660436,12,b
-0.17054181,0.6683767,0.7513176,0.9868776,0.7201073,0.7374178,-0.05237348,0.72981447,0.6025061,-0.15829276,12,.
-0.055591933,0.09632149,1.2062576,0.93067235,0.71548903,-0.14649358,0.17220028,0.09471318,0.7589916,0.69165826,12,","
0.7841988,1.0623431,-0.4566235,-0.6037248,-0.32469693,0.2540668,0.607692,-0.622963,-0.16495398,-0.7433267,12,v
-0.019903127,1.2151303,1.1287193,-0.010987281,-0.5407153,-0.21503909,0.5127905,0.004952999,0.45460322,-0.49140936,12,k
-0.6507904,0.6929639,0.35496703,-0.59735745,0.43833798,0.15889877,-1.341788,0.6832957,0.2463926,0.26086178,12,'
1.0333844,0.57254034,-0.10818685,0.4764438,-0.5019189,0.35311553,-1.0386668,-0.61422426,0.10815273,0.59583235,12,T
-0.76552325,-0.75121814,-0.30247965,-0.69188553,-0.66454273,-0.217908,-0.33325303,-0.034054913,-0.28813747,1.262974,12,-
-0.08651837,-1.437279,0.37069768,-0.53907514,-0.5916495,0.3685915,-0.08242754,-0.45999485,0.50664455,-0.36180767,12,S
0.23417151,-0.6689014,-0.26080793,-1.110343,-1.1339632,-0.36778802,0.77137804,-0.21013953,0.2861426,0.096852735,12,M
0.19437043,0.5286086,-0.69525117,-0.051997297,0.83768266,0.06557405,-0.38803115,0.46016893,-0.689483,1.0606754,12,`
0.25336564,-0.24182357,-0.2617165,0.2556443,-1.2519692,-0.12040465,0.07235756,-1.1568189,-0.87880623,0.15449308,12,C
-0.49702895,-1.2462858,0.92925453,0.02301455,0.10590025,0.30207086,-0.04858462,-0.87450534,0.2857605,0.41374028,12,A
-1.0154768,-0.17258228,-0.09393729,0.5019789,0.3705709,0.6666722,-0.43389234,-0.2324635,-0.28862488,1.1508487,12,1
-0.6283268,-0.118767954,0.30061668,-0.8977531,0.38974836,-0.06915163,-0.56580985,0.7613993,0.26600575,1.0737385,12,0
-0.46197158,0.926861,-0.9103727,0.16086538,-0.45026326,-0.30538854,0.41941658,-0.0343661,0.22427623,0.25568023,12,B
-0.5706919,0.80814016,-0.06859313,0.095071524,-1.0934796,0.9837446,0.7519026,0.26262692,0.25754908,-0.23616198,12,H
0.27933392,-0.53047436,-1.6232764,0.31999278,-0.23395255,-0.5637127,0.57631665,-0.031425297,0.22510687,0.2655821,12,P
-0.6911588,-0.20740762,-0.624416,0.6420488,-0.33720723,0.3059375,0.95314234,-0.68426484,0.90426093,-0.077422254,12,x
0.5482536,0.0038673056,0.4618708,1.2814217,0.7142529,-0.70642424,-0.30996135,-0.13661775,-0.060895666,-0.29093197,12,I
-0.07570018,0.22153458,-1.249182,0.13874549,-0.97136337,0.9317226,-0.25476417,0.48312008,-0.4727516,0.038924295,12,W
1.4244307,-0.5355681,0.26311114,0.33850518,-0.37306878,-0.38117623,0.7494612,0.5227738,0.6088612,0.04577783,12,D
0.2512429,-0.8029524,-0.3643864,0.05058152,-0.13403206,-0.5048547,0.7052679,0.27191478,0.88160753,-1.0660553,12,R
0.72037745,0.27614513,0.37851012,0.63504046,-0.35169023,-0.19800606,0.011043748,0.44942805,-0.6333597,0.9557895,12,F
-0.16000408,0.401562,-0.006409436,-0.5329471,-0.8342705,-0.17021766,0.8943748,-0.84192824,0.3483915,-0.9457593,12,L
0.8828291,-0.018148893,-0.5911289,0.9861044,0.07024951,-0.45984274,1.2128351,-0.011333341,-0.061762005,0.37750316,12,G
-0.38138887,-0.062487118,-1.2913815,-0.8015499,0.2767635,0.18304364,0.07058019,-0.6289697,0.94627935,-0.18491842,12,J
-1.2404436,0.19942658,0.25276548,0.13838275,0.04722009,0.019082105,-0.44380143,-0.30668998,-0.47027725,0.9105943,12,2
-0.79653096,-0.88139904,0.4556622,-0.37728813,-0.41722277,1.2554857,0.107301116,-0.06564327,-0.5946514,-0.34488854,12,N
-0.6249407,-0.41281405,0.25357306,-0.31164628,0.5439661,0.2071642,-0.7881689,0.31345627,-0.09899736,0.9541445,12,5
0.57039815,-0.31069526,0.023174232,-1.3436607,0.3831041,0.119174466,1.0656098,0.031002678,-0.07373108,0.43756717,12,j
-0.6913743,-0.5003642,0.34508756,0.8253628,-0.28835732,0.06824385,-1.2343733,0.33132285,-0.5843178,0.3149722,12,9
-0.9848055,-0.21530278,-0.6917909,0.6062613,-0.53903294,-0.07677181,-0.42383224,-0.6960396,0.6219356,0.6282991,12,E
0.023894174,0.9232536,0.15343073,0.09839774,-0.38546187,-0.48350343,-1.3155228,-0.71610194,0.35805133,0.09602093,12,O
0.039848097,0.3876958,-0.30715013,0.22336695,0.31472796,0.85937804,0.8003451,-0.84454936,0.55224574,1.094264,12,q
0.8058971,0.21979412,-0.62328595,1.1863782,-0.74754167,-0.43036255,-0.38811064,0.26526138,0.5671319,0.016134666,12,K
-1.6771702,0.057620987,0.24256456,0.040651456,0.42631435,0.29184568,-0.456789,-0.1377483,-0.11109595,0.785111,12,3
-1.3101692,-0.35763833,0.16433287,0.4054032,0.18127424,-0.104504205,-0.5343508,0.39611766,-0.40732455,0.6927328,12,6
-0.3526516,0.76654375,-0.21582212,0.32749572,-0.24823964,0.31841385,1.3227834,-0.077760145,0.20367132,-0.8243111,12,z
-0.3972046,-0.6383349,0.7925783,0.11605515,0.92766726,0.52766544,0.43426108,0.9995848,0.36297867,0.4851884,12,;
-1.3889724,-0.14031611,0.14483984,-0.28328264,0.46560636,0.34449056,-0.43766943,0.009161597,-0.0967421,0.7834698,12,4
0.38419595,-0.38561845,0.08439188,-0.57525164,0.26738322,-0.8268485,-0.115616344,-1.3428811,-0.3185885,-0.7406168,12,U
-1.3872864,0.107758924,0.12952496,0.36518982,-0.028476534,-0.117662035,-0.5248168,0.39875156,-0.27503705,0.9261759,12,7
-1.4342928,-0.22524607,-0.107682586,0.21732567,0.33957532,0.09830976,-0.46800578,0.49154285,-0.11839641,0.8764037,12,8
-0.3172401,-0.3996522,0.32497075,-0.53050095,0.5405064,0.38183227,-1.1312553,-0.5954601,-1.0732458,0.35845244,12,$
0.08662799,-0.18193385,0.67427164,1.0165789,0.9555508,1.0214326,-0.4400158,-0.13448834,0.5354044,-0.12868096,12,:
-0.7599735,0.690178,0.62514865,0.43467715,0.05900254,0.11274564,0.008882231,0.5696451,0.4726461,1.3424519,12,)
-0.79809797,0.2985955,1.0498405,1.0002317,-0.261655,-0.2382694,0.0925171,0.7479444,0.41031036,0.3991302,12,(
-0.25768343,-0.51437396,0.02065375,0.21698974,-0.9954474,0.8152013,-0.54583275,0.5635274,-0.625381,-0.722475,12,Y
0.17083247,0.3341936,0.2621065,1.0583243,-0.71385735,-0.18187298,1.0828432,0.048447028,-0.41983488,0.24047625,12,V
-0.56522316,0.6522394,0.33258933,0.92377704,1.0597961,0.683183,-0.24997629,0.59998184,-0.15576279,0.5044715,12,?
0.00476492,0.30354252,0.3323449,1.378471,0.79727143,0.60206914,-0.14112413,0.8368196,-0.13787186,0.39985374,12,!
-1.0015221,0.27067083,0.66124576,1.0046486,-0.53254306,0.71289974,0.052104764,0.14110413,0.029766953,0.77187973,12,&
-0.64831173,0.010045216,0.32562307,-0.36674616,-0.27572432,-1.2282935,0.959625,-0.13067727,0.27462465,0.85753,12,%
1.0494598,-0.20896555,0.59881926,-0.38011512,-0.6258755,0.067001134,-0.6628954,-0.88956,0.25726014,-0.59607285,12,Z
-0.0044392515,0.7553361,-0.076759435,0.82888925,-0.25924084,0.34698144,0.82617384,-0.7624691,0.4656101,0.92062914,12,Q
0.6779275,0.74845934,-0.21485354,0.03730446,1.4647552,0.06834488,-0.20982042,-0.263767,-0.106515735,0.36206523,12,/
0.0,0.0,0.0,0.0,0.0,0.0,0.0,0.0,0.0,0.0,12,~
-0.80180943,-0.3880128,-0.53497285,-0.8948263,-0.67355585,-0.20698799,-0.6907602,-0.6532971,-0.82019657,0.21551639,13, 
-0.6319081,-0.4821651,-0.13163674,1.2343749,0.32823086,0.11572322,-0.6315565,-0.6981178,0.69843274,0.45683464,13,e
0.61058605,0.8456437,-0.5421019,0.40880072,0.12390593,0.46559876,-1.2643689,-0.3448924,0.20130971,-0.37233856,13,t
-0.795665,-0.35300896,1.5086813,0.036807317,0.09869821,-0.9197627,0.035668783,-0.13337462,-0.09692925,0.09348681,13,a
-0.1391332,0.14700875,0.07829659,0.1167836,1.4308059,-0.56192136,0.6893198,-0.18117884,-0.7027485,0.70807195,13,o
-0.3008282,-0.71143895,0.58073246,-0.10035769,0.2690852,1.5025259,-0.3824174,0.58315027,-0.29445618,-0.23938611,13,n
0.1864829,-0.60424155,-0.9254428,-0.24000359,0.59357244,-1.4503415,-0.25391757,-0.2000357,0.22864003,0.27034816,13,i
1.1741943,-0.1889597,-0.03571362,-0.026652977,-0.24573778,-0.6483452,-0.12668751,-0.15433425,0.4665725,-1.3584104,13,r
-0.8175322,0.03842744,-0.029918449,0.8536852,-0.9659834,0.10548018,0.104377285,0.101980045,0.94390523,-0.8086971,13,s
-0.38774776,0.6068701,-0.59958524,-0.13267867,-0.13728365,1.0534018,0.66631657,0.81486404,0.12973773,-0.7580956,13,h
0.68809044,-0.50371325,0.23592465,0.8137516,0.6838125,0.2484571,0.69453454,0.23884186,-1.0614942,-0.5995233,13,l
0.41543236,-0.2378231,0.27772927,-0.14205061,0.6807379,0.69728243,0.99138206,-0.16613205,0.80619544,-1.0253181,13,d
0.9785753,-0.98332655,-0.29858077,0.6270433,-1.0955622,0.059243392,-0.08908394,-0.14180316,-0.51713914,0.06851924,13,c
0.18256241,0.5877352,0.5035206,-0.64633906,0.3390924,-0.6534359,-0.35690108,-1.1539133,0.78175735,0.36490327,13,u
0.8197664,0.26695636,0.5162699,-1.0013652,-0.83075726,0.02570015,0.48396555,0.9618427,0.033645716,-0.3634186,13,m
0.25944123,-0.053573146,-0.07179852,0.08162149,-0.0019275857,0.699714,0.56701064,1.0477372,-0.77000344,1.1692076,13,f
0.5268022,-0.11405021,-0.9573943,-0.007631347,-0.7626549,-0.32214534,0.7281313,0.29716998,0.6869332,1.0084776,13,p
1.1910682,-0.14109209,-0.57080674,-0.1825463,0.3109212,0.6184673,0.48600382,0.6359189,0.48843923,0.88833326,13,g
-0.2071997,0.59078205,-0.16226105,-0.17661437,0.8694217,-0.078081325,0.3282864,1.5329591,0.44700605,0.27492216,13,y
0.04330818,1.1663336,-0.29674286,0.7672263,0.6239971,0.693954,0.00085253327,0.18778624,-0.7925136,-0.6533076,13,w
-0.36186033,1.0670646,-0.4370753,-0.10152514,-0.6063736,0.0034784547,1.0267261,0.5345714,0.17659238,0.6904134,13,b
-0.23968126,0.62673825,0.83068067,1.0419048,0.7233391,0.56508476,-0.022269906,0.70324576,0.6484402,-0.12684368,13,.
-0.07834082,0.23349717,1.2087138,0.9269584,0.6107568,-0.053424444,0.21179631,0.068996795,0.73940825,0.6246783,13,","
0.7503499,1.1033534,-0.4211521,-0.5725326,-0.36361226,0.27438092,0.59573936,-0.6027635,-0.23515506,-0.8020561,13,v
-0.054139324,1.29021,1.0803823,0.0027611023,-0.42586777,-0.1250807,0.5459162,0.061377473,0.4284156,-0.5652696,13,k
-0.5666547,0.8324979,0.38097584,-0.5041166,0.52663434,0.17336015,-1.2143415,0.8228803,0.25197294,0.25283915,13,'
1.0481772,0.5991069,-0.08644816,0.33244774,-0.5511786,0.32103208,-0.96953875,-0.70437974,0.2362478,0.44884402,13,T
-0.74165326,-0.7391326,-0.21352643,-0.7830491,-0.6849427,-0.2132817,-0.38531476,0.019070098,-0.28072342,1.225806,13,-
-0.073088914,-1.4834799,0.37513477,-0.6402392,-0.6607816,0.285211,-0.09122504,-0.40402505,0.5828433,-0.46267718,13,S
0.25029743,-0.68305904,-0.2393386,-1.0653847,-1.1348196,-0.3754295,0.8200282,-0.12915137,0.2531937,0.077458635,13,M
0.10405836,0.4400009,-0.90197176,-0.21170914,0.86872816,-0.09353842,-0.49933064,0.5141528,-0.7582025,0.98988825,13,`
0.38733155,-0.28419194,-0.23101385,0.29076752,-1.2285252,-0.12086556,0.12545794,-1.1793249,-0.82385874,0.14874016,13,C
-0.47919583,-1.14463,0.94579166,0.046596166,0.078043655,0.28279343,0.027138613,-0.87974334,0.3149636,0.4096929,13,A
-0.9191282,-0.13904662,-0.16424713,0.34890026,0.47437418,0.5424882,-0.35691348,-0.32278928,-0.4458132,1.289038,13,1
-0.5948615,-0.19521819,0.34000853,-0.67158586,0.62803924,-0.15518045,-0.5475391,0.5392565,0.2292085,1.0768938,13,0
-0.41229495,0.89941585,-0.9048259,0.27318588,-0.41499475,-0.35596526,0.39818424,-0.017380388,0.11884343,0.3619344,13,B
-0.5267272,0.72070587,-0.13583776,0.059075132,-1.0356178,1.0064762,0.82609886,0.36252442,0.23544365,-0.16330114,13,H
0.2264725,-0.50867885,-1.5990112,0.31895074,-0.28486902,-0.5407516,0.5571145,-0.036285132,0.23748651,0.20138077,13,P
-0.7101698,-0.2101643,-0.6205756,0.72320765,-0.30553034,0.41788572,0.8820907,-0.69069177,0.7867715,-0.051773924,13,x
0.54112834,-0.038638707,0.5074968,1.1926435,0.7478108,-0.73000324,-0.2933001,-0.22581877,0.061017405,-0.30954933,13,I
-0.04507457,0.11041537,-1.3012184,0.19066073,-0.8931544,0.8868348,-0.25991827,0.47150153,-0.5588355,0.15051052,13,W
1.3991277,-0.34635913,-0.004545055,0.4840971,-0.4709394,-0.441053,0.606641,0.5078884,0.4700037,0.08051472,13,D
0.20491193,-0.90848804,-0.37251988,0.03486818,-0.1229362,-0.62774837,0.6701799,0.23748294,0.97328126,-0.997753,13,R
0.6797421,0.37749854,0.3175134,0.68088067,-0.35789356,-0.14899299,0.044886027,0.54449016,-0.6266097,0.97738683,13,F
-0.14267063,0.50360626,-0.15290193,-0.5522205,-0.860854,-0.18217064,0.96820694,-0.82029706,0.36513048,-0.93798196,13,L
0.83589983,0.004587527,-0.68224406,1.0923314,0.10179981,-0.40460137,1.1567718,0.06280046,0.16762836,0.3136497,13,G
-0.2554844,-0.08131075,-1.2552567,-0.94336814,0.10327283,0.19641882,0.11659092,-0.6558173,0.9008233,-0.19647564,13,J
-1.317237,0.36219633,0.33740333,0.112347424,-0.10982145,0.1696804,-0.34718272,-0.27919132,-0.40373537,0.7413657,13,2
-0.85496503,-0.7335307,0.3753865,-0.41310218,-0.42756283,1.2227403,0.16570863,-0.21689016,-0.6054646,-0.3692411,13,N
-0.7563649,-0.5166874,0.27130476,-0.1970529,0.48894393,0.20375937,-0.7894316,0.15678732,-0.034721643,1.0412099,13,5
0.5459717,-0.18920122,0.1354262,-1.2609954,0.39915094,0.14590847,1.1897366,0.002940266,-0.115770526,0.25589982,13,j
-0.7922524,-0.38014284,0.36146206,0.89748985,-0.13871378,0.16088045,-1.2440717,0.34565642,-0.6335878,0.2661095,13,9
-0.89839166,-0.31270438,-0.7337158,0.6273896,-0.53537804,-0.13617606,-0.46781465,-0.77321255,0.5639474,0.641415,13,E
0.11172697,0.89401317,0.31591484,0.081960015,-0.31666568,-0.47015065,-1.1725386,-0.6158562,0.39787063,0.0445565,13,O
0.037314296,0.3375207,-0.23571724,0.23070253,0.25105438,0.84129745,0.7722857,-0.69151103,0.64192694,1.2281438,13,q
0.82737595,0.24448872,-0.6530367,1.2578822,-0.75082237,-0.33433765,-0.23206617,0.39860684,0.5808579,0.06368474,13,K
-1.6120758,0.10261526,0.23610927,-0.14290445,0.33358482,0.30042562,-0.2593587,-0.23752555,-0.12214848,0.70886564,13,3
-1.3409953,-0.51560444,0.18834554,0.37849346,0.12362298,-0.16365631,-0.5268127,0.34597254,-0.4881612,0.7973614,13,6
-0.5066003,0.64348507,-0.13110608,0.26285288,-0.11643863,0.2731855,1.106931,-0.21031831,0.026238874,-0.8049449,13,z
-0.5257285,-0.6987334,0.78447974,0.034135893,0.9296214,0.55231124,0.36793828,0.96427983,0.33901548,0.51905483,13,;
-1.3023913,-0.17318441,0.01993138,-0.2986399,0.6138562,0.24112503,-0.37891057,0.27111626,-0.08359502,0.81537795,13,4
0.5098755,-0.388163,0.064064965,-0.60036784,0.20540635,-0.7576258,-0.1098022,-1.3787323,-0.40399575,-0.7220091,13,U
-0.9940793,-0.006886152,0.12539764,0.39449933,0.109064296,-0.05629343,-0.6505186,0.21376853,-0.27508357,0.9791771,13,7
-1.2561435,-0.23953065,-0.100534186,0.06757615,0.22184618,0.35773343,-0.6699261,0.41558278,-0.008525805,0.66676855,13,8
-0.2579684,-0.43083763,0.34689903,-0.45425692,0.5180849,0.4129341,-1.2204403,-0.5665107,-1.0280404,0.33902833,13,$
0.032601163,-0.08157073,0.5734288,0.9841948,0.92623335,1.0112171,-0.42710653,-0.1954901,0.63995105,-0.063394114,13,:
-0.7062441,0.6159578,0.685457,0.21850403,-0.037184004,0.19041869,-0.006588528,0.6520127,0.35141602,1.4121915,13,)
-0.73328674,0.2689643,1.1334587,1.035215,-0.22536474,-0.24178202,0.17574026,0.76926816,0.35075042,0.3720335,13,(
-0.33802077,-0.6891041,0.029451262,0.22794361,-1.051747,0.86093116,-0.54554504,0.36258426,-0.665177,-0.7670908,13,Y
0.2621501,0.310447,0.38693592,1.1275227,-0.5404292,-0.077717386,1.156642,0.0030665314,-0.3716396,0.23523189,13,V
-0.67627746,0.4986684,0.45555285,0.8357748,0.9498827,0.79112965,-0.39022598,0.668929,-0.023081956,0.5094036,13,?
-0.04300667,0.37768137,0.3583759,1.1674638,0.9018088,0.509511,-0.087287635,0.88897395,-0.19367233,0.6616813,13,!
-1.0697732,0.38014826,0.6419871,0.90656817,-0.5156504,0.80256087,-0.013955592,0.2263238,0.04973781,0.71635777,13,&
-0.33569312,0.22260739,-0.046107713,-0.29155815,-0.59684694,-0.88388115,1.2942479,0.038858708,0.45383275,0.7741667,13,%
1.1762697,-0.20960289,0.4906801,-0.07677302,-0.67562944,-0.064353615,-0.6523637,-0.70189226,0.4908944,-0.84022003,13,Z
0.078069195,0.6497978,-0.20278977,0.68353933,-0.3308267,0.24514277,0.7681522,-0.8275849,0.50173056,1.1433852,13,Q
0.98824203,0.47605255,-0.052080896,0.1282414,1.4173479,-0.06403296,-0.58357894,-0.5046146,-0.32011294,0.17200817,13,/
0.0,0.0,0.0,0.0,0.0,0.0,0.0,0.0,0.0,0.0,13,~
-0.72414714,-0.42119217,-0.46855915,-0.9459012,-0.6725664,-0.2022356,-0.6171106,-0.70697635,-0.84615606,0.2794288,14, 
-0.61425996,-0.4646581,-0.14021306,1.254954,0.35606763,0.14712344,-0.5945483,-0.66005725,0.6910207,0.49885008,14,e
0.64597136,0.9402057,-0.5238493,0.457346,0.091620244,0.4729129,-1.2761366,-0.41537976,0.16881436,-0.3650378,14,t
-0.8048758,-0.2797091,1.5214597,0.00373934,0.09381739,-0.95102215,0.08576703,-0.12682131,-0.084411435,0.12358813,14,a
-0.08062224,0.16748364,0.12448534,0.14934874,1.4574481,-0.51175207,0.7118089,-0.16047108,-0.73143554,0.6886075,14,o
-0.26464978,-0.7038054,0.6089002,-0.12474922,0.29729047,1.4151752,-0.35134852,0.5845183,-0.31234893,-0.27666247,14,n
0.10796421,-0.6209626,-0.8530304,-0.21753038,0.61137944,-1.4699521,-0.22742279,-0.15991692,0.22598283,0.233278,14,i
1.224062,-0.1629519,0.0061097527,-0.020990834,-0.24108697,-0.70635223,-0.08613993,-0.08102325,0.41715628,-1.2953366,14,r
-0.8084888,0.09903205,-0.084792465,0.85533357,-0.918868,0.12668717,0.09992388,0.12652053,0.9161764,-0.8390134,14,s
-0.4041369,0.67662185,-0.5714933,-0.06777291,-0.08453846,1.0991349,0.6877097,0.83284336,0.09826925,-0.7376809,14,h
0.67136335,-0.48489493,0.16845806,0.75249934,0.68565094,0.31468436,0.6583384,0.20714694,-1.0824194,-0.629446,14,l
0.3739738,-0.20078205,0.20370533,-0.14867358,0.6720512,0.6811579,0.96153504,-0.20576136,0.80679655,-1.0362878,14,d
0.94232047,-0.9360874,-0.23448771,0.5323555,-1.1349528,-0.008849081,-0.21243326,-0.15053605,-0.546933,0.11324976,14,c
0.13526781,0.5567407,0.505668,-0.5868976,0.3364666,-0.6867462,-0.39679542,-1.1722913,0.8272503,0.28661644,14,u
0.84637004,0.21543503,0.5168492,-1.0357761,-0.77307063,-0.013823789,0.5054037,0.9332102,0.022817913,-0.4130389,14,m
0.2701531,-0.06539511,0.021080265,0.05167428,0.10549067,0.69584435,0.5232332,1.021447,-0.88424504,1.1512089,14,f
0.49439794,-0.18443245,-0.985862,0.011685207,-0.8143059,-0.34273896,0.72479117,0.24658981,0.6342072,0.99024385,14,p
1.1381924,-0.1589974,-0.6957233,-0.16009584,0.31068966,0.7204049,0.5225319,0.54676485,0.50923306,0.8467683,14,g
-0.25830474,0.56175065,-0.09791017,-0.12789404,0.8811955,-0.07767619,0.23709033,1.5653458,0.4308835,0.3421295,14,y
0.029538663,1.1388507,-0.21610233,0.71373016,0.58246595,0.71842444,0.045766324,0.1806828,-0.81399685,-0.5683118,14,w
-0.29192045,1.1134702,-0.4539765,-0.1501785,-0.66019607,0.03758587,1.0367715,0.6339562,0.20738536,0.66846365,14,b
-0.14407898,0.6632231,0.85862666,0.9506838,0.75168604,0.6093632,-0.016317649,0.601673,0.7704278,-0.07839222,14,.
-0.09992209,0.12150266,1.1457373,0.8805733,0.649892,-0.10604755,0.116667695,-0.042643774,0.7466245,0.6674486,14,","
0.8411772,1.0648752,-0.3912756,-0.5849654,-0.34144926,0.25001046,0.6444892,-0.5968809,-0.22359292,-0.77810735,14,v
-0.061861385,1.3749548,1.0293138,0.020870632,-0.5370147,-0.09521278,0.487201,0.08326101,0.38147396,-0.49746048,14,k
-0.55813766,0.619646,0.33430338,-0.55990124,0.51307166,0.13283147,-1.3422761,0.8430317,0.20165187,0.20644982,14,'
0.98136663,0.57711303,-0.16144602,0.2976142,-0.57011247,0.38262695,-1.0835837,-0.69934773,0.21172026,0.46020672,14,T
-0.65574723,-0.72271895,-0.11582935,-0.7992754,-0.6313636,-0.3029665,-0.23191309,-0.055887274,-0.2833215,1.3237052,14,-
-0.10023467,-1.3974779,0.28910398,-0.6734852,-0.69961166,0.2725991,-0.21280226,-0.43736243,0.5132064,-0.41294023,14,S
0.19253287,-0.68040377,-0.22531916,-1.1543798,-1.01512,-0.32789156,0.8687244,-0.18278508,0.27044493,0.13975872,14,M
0.13644254,0.51593083,-0.8271084,-0.19781318,0.8697378,0.018765155,-0.5426508,0.6804558,-0.6427856,0.91858387,14,`
0.35349414,-0.24302492,-0.17137371,0.35953948,-1.2280997,-0.0373171,0.1570243,-1.1051362,-0.84367824,0.11432142,14,C
-0.5213163,-1.2181727,1.0381147,-0.09873294,0.02245391,0.23607565,-0.0308281,-0.87249005,0.32383248,0.4832825,14,A
-1.001042,-0.23673989,-0.06113645,0.3345283,0.4097595,0.6140365,-0.31502205,-0.306294,-0.43130904,1.2946246,14,1
-0.6070747,-0.3227997,0.37749106,-0.8199526,0.75959665,-0.1730633,-0.5256119,0.6957626,0.21430254,1.0774043,14,0
-0.3968159,0.95203066,-0.96631885,0.16016318,-0.3502381,-0.28568453,0.43476105,-0.08198639,0.23387952,0.17556027,14,B
-0.50057805,0.7680116,-0.15434667,0.078531325,-1.0291294,0.92886347,0.84221876,0.37582812,0.23402986,-0.14383888,14,H
0.22717877,-0.51105374,-1.5866051,0.34358183,-0.24500553,-0.6014629,0.6067427,0.0778993,0.31801137,0.21966647,14,P
-0.64948267,-0.19372319,-0.58454245,0.6366126,-0.26187125,0.21244301,0.95736814,-0.7978247,0.9904674,-0.15814957,14,x
0.5938635,-0.038225997,0.5000347,1.1676618,0.79282284,-0.7082912,-0.2913264,-0.2894161,-0.08515765,-0.37392366,14,I
-0.0884348,0.13510951,-1.1907513,0.16644323,-0.92637974,0.92017984,-0.16203126,0.46758282,-0.5338797,0.0973728,14,W
1.4507242,-0.43168673,0.07638409,0.3322237,-0.5794484,-0.4653299,0.6705277,0.5347091,0.5522389,-0.007535952,14,D
0.24575503,-0.95438224,-0.33877823,0.19828759,-0.17535569,-0.43483567,0.73045105,0.22509782,0.991179,-0.9858313,14,R
0.6489788,0.4490856,0.23035997,0.6472335,-0.4169332,-0.29947153,-0.079986714,0.49458718,-0.59142625,0.9669742,14,F
-0.0830738,0.50477934,-0.10879578,-0.4550175,-0.82652617,-0.08027634,0.8865607,-0.9042062,0.27147526,-0.9871901,14,L
0.7442771,0.033248797,-0.5807119,1.1319264,0.17054686,-0.38703623,1.0214084,0.046760496,0.13987459,0.4305305,14,G
-0.24874018,-0.13612667,-1.209607,-0.9029417,0.18298472,0.18428093,0.06184357,-0.7181276,0.8793585,-0.27663353,14,J
-1.3482621,0.3167954,0.23944221,0.12138277,0.04308216,0.123683214,-0.448974,-0.16890208,-0.4328933,0.79972184,14,2
-0.9949153,-0.8637934,0.24114905,-0.39682746,-0.558879,1.1595013,0.18155365,-0.15869874,-0.5189249,-0.25329867,14,N
-0.5883261,-0.2797571,0.12852924,-0.24602161,0.51838803,0.24957049,-0.7351476,0.2616828,-0.013370421,1.1258966,14,5
0.55771387,-0.19275634,-0.00929893,-1.3609904,0.43240473,0.10858225,1.1224614,0.016107272,-0.057888187,0.58062375,14,j
-0.8257177,-0.37141317,0.18464807,0.9150301,-0.15567118,0.21653557,-1.0869198,0.37750125,-0.52492267,0.23995332,14,9
-1.0010808,-0.2158088,-0.6561145,0.52722996,-0.6219564,-0.1470607,-0.31077084,-0.80605006,0.6476026,0.50948673,14,E
0.02770066,0.82805824,0.25753078,0.10742484,-0.36764035,-0.3703246,-1.2723833,-0.6351691,0.2855108,0.1369949,14,O
0.053771,0.28482372,-0.30097935,0.20544422,0.2802675,0.8345222,0.82013005,-0.78332007,0.4978499,1.2121301,14,q
0.8168449,0.24275428,-0.6748554,1.2358905,-0.7830889,-0.35934287,-0.44188717,0.24387193,0.5209758,-0.09604571,14,K
-1.4231234,0.09750594,0.22823714,-0.21525528,0.4887973,0.20991552,-0.2463155,-0.15514529,-0.1316625,0.96783656,14,3
-1.3314103,-0.23504321,0.18895055,0.47248966,0.3877057,-0.0774876,-0.54772794,0.46983323,-0.4325388,0.93194616,14,6
-0.52752596,0.73478085,-0.32261482,0.20410195,-0.13514073,0.2184064,1.3287568,-0.014820671,0.14275976,-0.75634485,14,z
-0.5028606,-0.6284444,0.78747725,0.064751945,0.9574929,0.60017025,0.5048136,0.9809981,0.3139009,0.36762798,14,;
-1.3080379,-0.23189428,-0.06712734,-0.28489518,0.35346285,0.25083804,-0.4608098,0.20718798,-0.038821753,0.83742315,14,4
0.45223546,-0.3552643,-0.027566025,-0.45816615,0.2513422,-0.69933033,-0.17498396,-1.483615,-0.4272509,-0.7014851,14,U
-1.2011504,0.11252074,-0.053091764,0.1740373,0.030389057,0.001322719,-0.62251323,0.25849935,-0.2615719,1.2238408,14,7
-1.4848956,-0.3233974,-0.025663447,0.15481775,0.19594805,0.36118695,-0.53617936,0.50268334,0.003870909,0.7815419,14,8
-0.24139796,-0.3536844,0.53313386,-0.48866823,0.6721921,0.3420563,-1.1776749,-0.45453745,-0.9452423,0.48423165,14,$
-0.27345297,-0.3377376,0.498001,1.1391368,0.772597,0.8115597,-0.6197956,-0.35717416,0.6993112,-0.054528773,14,:
-0.50164455,0.7269014,0.6358719,0.28388572,-0.2067816,0.15425988,-0.15741037,0.50589335,0.47787735,1.4056313,14,)
-0.5974185,0.2603514,1.2381922,0.89823204,-0.27485734,-0.3271624,0.31201518,0.8579564,0.3148432,0.34672275,14,(
-0.2991652,-0.5412936,0.06961478,0.24699028,-0.91072494,0.9085226,-0.6036025,0.38328502,-0.7323347,-0.82766116,14,Y
0.24163179,0.5574409,0.22354348,1.0516274,-0.6723183,-0.16829747,1.3500226,0.09890457,-0.15324005,0.37258592,14,V
-0.5815827,0.4116414,0.44404727,0.84884495,0.9753945,0.645604,-0.62161237,0.5471024,-0.15786901,0.44836465,14,?
-0.037662834,0.30257654,0.15776506,1.2049,0.7138216,0.6093203,-0.20855322,0.99489295,-0.19224484,0.57746106,14,!
-0.88915145,0.6226592,0.6725709,1.0112128,-0.28739557,0.7806362,0.035152137,0.22680941,0.0051441784,0.77595603,14,&
-0.14468725,0.27689654,-0.18583728,-0.19313627,-0.59922695,-1.2189022,1.1620774,0.110698774,0.40287507,0.6788038,14,%
1.0278938,-0.34499377,0.46388543,-0.25966296,-0.72345847,0.09578965,-0.71685266,-0.7760072,0.40194458,-0.74745935,14,Z
0.37335673,0.4398886,-0.1703158,0.7864119,-0.342598,0.44361374,0.91138995,-0.79139316,0.45123318,1.0216366,14,Q
1.0237294,0.6655805,-0.23489815,0.036582757,1.2901582,-0.15644114,-0.43001267,-0.5584905,-0.31423107,0.16553713,14,/
0.0,0.0,0.0,0.0,0.0,0.0,0.0,0.0,0.0,0.0,14,~
-0.69764584,-0.40700907,-0.4971631,-0.9238738,-0.7027345,-0.15525536,-0.62850845,-0.65732634,-0.91745627,0.24526002,15, 
-0.6424267,-0.48030326,-0.1455499,1.2137426,0.32858154,0.12047616,-0.6937443,-0.69692934,0.65687793,0.43859687,15,e
0.63188493,0.9269757,-0.5143476,0.3897676,0.09661232,0.5268552,-1.2639647,-0.42202535,0.1805654,-0.4248023,15,t
-0.7950386,-0.3166859,1.4839983,-0.010381552,0.11652658,-0.96143335,0.077261604,-0.10853612,-0.1029354,0.1243213,15,a
-0.07960265,0.19572346,0.08322958,0.15545961,1.4160298,-0.5759427,0.70320296,-0.16017546,-0.7656196,0.6936033,15,o
-0.2187989,-0.7112973,0.61311203,-0.10222789,0.31814656,1.481878,-0.3601591,0.60156333,-0.36190566,-0.27888808,15,n
0.16423981,-0.6381794,-0.9191153,-0.266205,0.60800266,-1.4291878,-0.26704046,-0.20806512,0.29098016,0.1964649,15,i
1.1337692,-0.14140812,-0.010757776,-0.0008148439,-0.27455622,-0.6932031,-0.1174068,-0.22115313,0.5133646,-1.2267458,15,r
-0.8192068,0.051234778,-0.110567234,0.90258914,-0.9664035,0.07440558,0.08241448,0.13250494,0.93462425,-0.8136576,15,s
-0.40858525,0.69628286,-0.56380117,-0.10805349,-0.07786069,1.1346741,0.637917,0.85384554,0.13320032,-0.7396597,15,h
0.65814817,-0.5259484,0.20024504,0.7128305,0.7247243,0.323242,0.6447158,0.20067763,-1.0780735,-0.5876563,15,l
0.34879968,-0.19176874,0.26064214,-0.16348574,0.65196836,0.67675173,1.0240881,-0.13818336,0.8444211,-1.0406473,15,d
0.94975317,-0.9463008,-0.34437495,0.5351367,-1.192334,0.021699037,-0.1790161,-0.21871388,-0.5358191,0.085162155,15,c
0.11779893,0.60593504,0.52053523,-0.5985006,0.29725337,-0.63223493,-0.42445937,-1.2116437,0.87158746,0.30629224,15,u
0.7885022,0.2886687,0.4982701,-1.0319731,-0.7495848,0.018228564,0.4369453,0.9634427,0.015827408,-0.408984,15,m
0.29623294,-0.05438153,-0.050657604,0.036711056,0.006498859,0.6305813,0.6373833,1.0057316,-0.82508916,1.1622466,15,f
0.5201806,-0.16644548,-0.8546215,-0.014055258,-0.85981184,-0.33789948,0.7714252,0.3660396,0.63968766,0.951017,15,p
1.1410644,-0.118049294,-0.64759046,-0.24234544,0.2935157,0.71185,0.53640634,0.6128382,0.48535624,0.8450895,15,g
-0.2809782,0.61205924,-0.047985997,-0.16076905,0.9745249,-0.17471634,0.29597425,1.4704688,0.41594803,0.30375355,15,y
-0.054907728,1.1205206,-0.14983882,0.77455807,0.6282753,0.7978672,0.04727306,0.2147289,-0.7960074,-0.63697237,15,w
-0.31120858,1.1125966,-0.5367141,-0.12879187,-0.60629535,0.007035183,1.0232391,0.5896567,0.20941098,0.74459237,15,b
-0.12649474,0.47854236,0.8063957,1.0960436,0.71799624,0.63744766,-0.05693004,0.77389765,0.6103852,-0.08260521,15,.
-0.081622854,0.20051678,1.2531859,0.93917644,0.64965755,-0.13963577,0.24212977,-0.04688429,0.73626816,0.621384,15,","
0.78956026,1.0716683,-0.4990612,-0.60176206,-0.31611562,0.2643883,0.6167258,-0.69978637,-0.25165117,-0.69950444,15,v
0.00060658687,1.2874092,1.1476828,-0.07021423,-0.46966714,-0.22734778,0.5715834,0.082345024,0.46029943,-0.45036978,15,k
-0.5880045,0.6510706,0.339874,-0.58393097,0.4896147,0.15923442,-1.3141376,0.8072638,0.2874499,0.21249788,15,'
0.9324744,0.559252,-0.2143131,0.30933252,-0.5888452,0.50299615,-1.036311,-0.7042377,0.07781829,0.4003568,15,T
-0.6750289,-0.69932,-0.1817381,-0.88060176,-0.556479,-0.20117632,-0.3480441,0.01696506,-0.16189824,1.3003421,15,-
0.026339632,-1.4291786,0.37936947,-0.56862724,-0.750412,0.23735096,-0.06613889,-0.42039046,0.5051275,-0.3854991,15,S
0.17598702,-0.63174564,-0.27440155,-1.219611,-1.0515418,-0.3725336,0.8145136,-0.19226788,0.17047969,0.18219365,15,M
0.11632823,0.480705,-0.79646546,-0.17516115,0.7386327,-0.029013995,-0.57539815,0.67263925,-0.6802194,0.9019521,15,`
0.3602157,-0.3197031,-0.18210004,0.4496896,-1.1918576,-0.1269765,0.1414947,-1.1196978,-0.7637516,0.12574603,15,C
-0.59902865,-1.1999432,1.0057354,0.02082506,0.08723009,0.2450994,-0.0065568932,-0.8837411,0.35930768,0.45993102,15,A
-0.84129405,-0.12969193,-0.031786323,0.29715905,0.24895352,0.5756941,-0.19252415,-0.3941905,-0.3769604,1.4056886,15,1
-0.4533537,-0.3412351,0.3457668,-0.67139065,0.83611536,-0.17265677,-0.40593708,0.7711002,0.295353,0.99233717,15,0
-0.4080427,0.88802403,-0.9983937,0.18056393,-0.37451923,-0.24501741,0.37548086,-0.11930257,0.22539197,0.20181294,15,B
-0.44800982,0.72969216,-0.144979,0.16475114,-1.1041954,1.0189099,0.80300397,0.36725965,0.29671934,-0.15805471,15,H
0.2676552,-0.47264838,-1.6788411,0.28331214,-0.29774478,-0.4747883,0.60334045,0.060207624,0.15074784,0.19273463,15,P
-0.5254694,-0.1461837,-0.5669011,0.6239127,-0.27602422,0.40980312,1.0695986,-0.79709667,0.85050654,-0.14582369,15,x
0.68819886,-0.10954232,0.46815166,1.2905345,0.70749533,-0.7370127,-0.24736123,-0.10633921,0.009410847,-0.24327476,15,I
-0.062379297,0.15859963,-1.2970448,0.24833792,-0.8950065,0.87341297,-0.2648043,0.54738414,-0.50727123,0.18972676,15,W
1.4644716,-0.43683767,0.18203162,0.28033808,-0.55759996,-0.33992895,0.67147267,0.56368876,0.58496505,0.058261897,15,D
0.37986964,-0.95212454,-0.3525579,0.12846215,-0.14392182,-0.5051059,0.7479281,0.32679015,0.98756886,-0.940698,15,R
0.5877977,0.40034857,0.2758446,0.71672404,-0.38781512,-0.1309876,0.01374727,0.5179055,-0.63551044,0.8440264,15,F
-0.07928487,0.42234272,-0.12346216,-0.4100253,-0.9292708,-0.120707445,0.79976183,-0.92578363,0.28466868,-1.0727569,15,L
0.74068856,-0.08496216,-0.608646,1.1497586,0.07964425,-0.3363018,1.1675192,-0.048646502,0.13878368,0.33113515,15,G
-0.27144504,-0.1614446,-1.3026664,-0.97759235,0.15182644,0.10467042,0.102080174,-0.6845607,0.8117218,-0.23648807,15,J
-1.3442026,0.1948394,0.24832302,0.037758004,0.06011753,0.12453337,-0.4926172,-0.279094,-0.49221388,0.91705143,15,2
-0.9072867,-0.9120114,0.22359866,-0.39037538,-0.5221689,1.21293,0.21363614,-0.0049659,-0.5000802,-0.31565103,15,N
-0.6183143,-0.39769408,0.2945459,-0.18471403,0.49163643,0.17650974,-0.61285096,0.29299167,-0.043102358,1.0313847,15,5
0.5384909,-0.10732736,0.08700194,-1.3248304,0.45350245,0.21545634,1.1644297,0.035259046,-0.12160307,0.5583462,15,j
-0.8531677,-0.47817478,0.2529361,0.93532807,-0.13647036,0.115992345,-1.1326528,0.29990378,-0.72726864,0.23263484,15,9
-1.1894236,-0.11688635,-0.5190143,0.6455426,-0.5908123,-0.22094584,-0.37986532,-0.6787246,0.6189365,0.5519062,15,E
0.10539646,0.84133995,0.34402,0.05826157,-0.2983567,-0.44594684,-1.2894485,-0.5399705,0.23134024,0.09946183,15,O
-0.05316456,0.32934228,-0.2609244,0.23781991,0.2682735,0.9218622,0.84966505,-0.7602806,0.3850609,1.1806935,15,q
0.7707931,0.16684318,-0.59478515,1.265025,-0.8493969,-0.37759584,-0.2821491,0.25287434,0.6093084,-0.08296317,15,K
-1.5521573,0.1848797,0.1619053,-0.3431865,0.44422275,0.2671282,-0.39065504,-0.17658901,-0.07450165,0.92891437,15,3
-1.2969414,-0.30679798,0.21671444,0.3904876,0.09154079,-0.1534539,-0.3889546,0.34653115,-0.42227322,1.0485152,15,6
-0.4043007,0.51534325,-0.32520744,0.27686834,-0.19463187,0.119513206,1.2126116,-0.114366464,0.17243437,-0.83966506,15,z
-0.57220757,-0.5804802,0.7010354,0.11215031,0.78850895,0.6941446,0.3658886,1.0611517,0.5035886,0.46313092,15,;
-1.2937088,-0.17585713,0.01593379,-0.19531713,0.40620247,0.16518965,-0.37259588,0.13344872,0.039524227,0.8369637,15,4
0.45959452,-0.36778224,0.02922984,-0.61975676,0.19833218,-0.748677,-0.15060246,-1.4611481,-0.40426925,-0.5896054,15,U
-1.3468003,0.16950588,-0.040897317,0.2629287,-0.0999054,0.13108073,-0.6257524,0.18462138,-0.14566733,1.1101316,15,7
-1.3525058,-0.21037193,-0.06193769,0.10449279,0.12086655,0.28082415,-0.5668356,0.39427274,-0.008502507,0.71282357,15,8
-0.24632137,-0.29903755,0.5326409,-0.35378212,0.60663515,0.59281826,-1.0989585,-0.44994557,-1.0785364,0.255897,15,$
0.042886585,-0.052082576,0.34741873,1.1548022,0.85062015,0.91515416,-0.5146952,-0.2644533,0.5292449,-0.04631466,15,:
-0.46121764,0.7256123,0.5528183,0.28632665,-0.18869627,-0.01754367,-0.17728767,0.4123041,0.40279645,1.4503528,15,)
-0.56837976,0.019158863,1.2852976,0.9636792,-0.19144915,-0.28738424,0.297169,0.76468766,0.40923077,0.3689716,15,(
-0.36563554,-0.7752023,0.07515464,0.09566684,-0.8027919,0.7932626,-0.66247374,0.28705555,-0.8357124,-0.8701395,15,Y
0.28195944,0.49488646,0.30138373,1.0711044,-0.78036743,-0.04675198,1.1813725,0.073048875,-0.26283386,0.1301864,15,V
-0.5923486,0.7334096,0.49309814,0.7316828,1.0014137,0.5645521,-0.5407682,0.5994368,-0.21982434,0.3897307,15,?
-0.057158038,0.32224533,0.22625172,1.276254,0.74034876,0.43501535,-0.18701825,0.967935,-0.26761413,0.6572903,15,!
-0.85844284,0.5524797,0.53982055,1.0082146,-0.26621145,0.8096592,-0.106431104,0.33273968,0.09274833,0.8904366,15,&
-0.27059823,0.39300585,-0.27007884,-0.11685807,-0.5660874,-1.1474429,1.01565,0.37634844,0.6405114,0.6268876,15,%
0.94945896,-0.051355183,0.44735444,-0.25891316,-0.7917085,0.082818225,-0.7655119,-0.75055844,0.45499626,-0.9028462,15,Z
0.21808727,0.6442653,-0.074856296,0.8458804,-0.41756332,0.4329697,0.9192467,-0.8682092,0.37569162,0.81144804,15,Q
1.0154212,0.4846204,0.04054739,0.094278686,1.2429566,-0.27936104,-0.5135525,-0.84686714,-0.21123591,-0.10367957,15,/
0.0,0.0,0.0,0.0,0.0,0.0,0.0,0.0,0.0,0.0,15,~
-0.76733696,-0.43197247,-0.47373152,-0.90676415,-0.64398915,-0.17338935,-0.66565925,-0.703401,-0.8728842,0.1826555,16, 
-0.6061369,-0.4940067,-0.10402117,1.2003918,0.29359326,0.22361101,-0.6588297,-0.7094336,0.7037132,0.45335993,16,e
0.62846375,0.9119711,-0.53623575,0.45840782,0.14984882,0.5031837,-1.2812847,-0.343339,0.19482543,-0.35680565,16,t
-0.7692291,-0.32957757,1.4730905,-0.01383675,0.113917015,-0.945441,0.07719061,-0.10839838,-0.087153256,0.10190177,16,a
-0.029045621,0.14140645,0.08338582,0.14950487,1.3775662,-0.5593273,0.6937504,-0.18682435,-0.7187988,0.70436126,16,o
-0.25660235,-0.71436477,0.60307103,-0.1343703,0.29615214,1.4776502,-0.368059,0.5735366,-0.39346036,-0.21756093,16,n
0.110554256,-0.60072595,-0.87421626,-0.20367837,0.6448019,-1.4655092,-0.22877276,-0.15950593,0.21543416,0.2078731,16,i
1.1244184,-0.12791044,-0.023821117,-0.006557215,-0.2855599,-0.6761162,-0.09873056,-0.18840884,0.48948076,-1.2773457,16,r
-0.8225022,0.06391267,-0.08244016,0.86534345,-0.9501731,0.1432308,0.07824515,0.2007319,0.9092822,-0.7474701,16,s
-0.38833398,0.67615235,-0.6087927,-0.02653599,-0.1164724,1.0966403,0.6795988,0.8314953,0.09944183,-0.7836377,16,h
0.7043356,-0.48229495,0.17394625,0.7503144,0.7198206,0.23598245,0.640514,0.18258727,-1.1026721,-0.52807856,16,l
0.36958647,-0.26262367,0.18641143,-0.21290454,0.7298007,0.66108793,0.93751603,-0.13361949,0.80688477,-1.0002376,16,d
0.9540198,-0.97525597,-0.2745974,0.6288095,-1.1404623,-0.04420759,-0.1675184,-0.20289744,-0.5407972,0.06014217,16,c
0.20773028,0.56938624,0.48541597,-0.5794669,0.3494697,-0.7254877,-0.40695733,-1.1418948,0.9142227,0.32777104,16,u
0.8706996,0.23216064,0.4326102,-1.0446848,-0.81433034,0.0041375337,0.44986403,0.9359003,0.011039747,-0.40976194,16,m
0.22325006,-0.035100505,0.019056886,0.02371675,0.014272441,0.62184435,0.5456262,1.0555798,-0.86940515,1.1639217,16,f
0.47270092,-0.22620448,-0.9315505,0.09315563,-0.8172121,-0.33772182,0.7391809,0.26848987,0.56181556,0.95656645,16,p
1.18419,-0.095272474,-0.6349176,-0.16188657,0.40239835,0.6905316,0.46617916,0.60586435,0.45924816,0.84513736,16,g
-0.30306208,0.5397925,0.034133878,-0.26557449,0.78442305,-0.08778491,0.25928074,1.4833531,0.48918676,0.26186958,16,y
0.020675287,1.1323676,-0.25536034,0.5847445,0.6260329,0.7489531,0.046325345,0.21374443,-0.82110566,-0.7144189,16,w
-0.24881727,1.1613051,-0.48593104,-0.1689485,-0.6416014,0.10762651,1.0039867,0.5816505,0.120145395,0.6849532,16,b
-0.36652946,0.5932733,0.7778887,1.0540584,0.72661364,0.74825287,-0.040345997,0.63485885,0.5393859,-0.11862291,16,.
-0.054941528,0.20057623,1.2425398,0.87997013,0.70776606,-0.13047232,0.30165946,0.0030076099,0.7471521,0.6865117,16,","
0.7446262,1.1235988,-0.35420182,-0.606903,-0.37391168,0.22622804,0.6001751,-0.63747936,-0.22025508,-0.74631125,16,v
-0.020136634,1.2223401,1.106361,-0.00890556,-0.5342003,-0.17946795,0.59987843,0.060663555,0.48962504,-0.5416699,16,k
-0.5846592,0.65068084,0.36484888,-0.6763482,0.53778523,0.219592,-1.2936714,0.7181187,0.2205122,0.25380692,16,'
0.9972218,0.60806614,-0.13462737,0.19973505,-0.5121599,0.40079954,-1.1265517,-0.6864912,0.23152046,0.47149712,16,T
-0.6774921,-0.77109987,-0.21282747,-0.7525173,-0.6036113,-0.22440161,-0.49100098,0.034650143,-0.19523028,1.2559228,16,-
-0.104189225,-1.4731964,0.45411983,-0.6140454,-0.75947464,0.27589387,-0.069963865,-0.28027907,0.50354487,-0.49561325,16,S
0.18312079,-0.6678868,-0.23065534,-1.0696722,-1.0547881,-0.42316133,0.8541087,-0.22480717,0.23933634,0.2505008,16,M
0.15661421,0.47308332,-0.6836798,-0.2069325,0.71315265,-0.03429995,-0.5220741,0.6402288,-0.7208105,0.9357903,16,`
0.35582978,-0.2564398,-0.21318637,0.41256377,-1.1679039,-0.106316485,0.16276835,-1.1851058,-0.76805395,0.09992799,16,C
-0.45835426,-1.139611,0.9556115,0.077331275,0.12752327,0.25078017,-0.07399287,-0.9045802,0.2677009,0.48850223,16,A
-0.92461425,-0.075709715,-0.07358553,0.24877693,0.2874018,0.6990684,-0.19133793,-0.41445336,-0.3985263,1.244963,16,1
-0.4479522,-0.37277475,0.2525896,-0.8401944,0.55835414,-0.33183175,-0.70553356,0.8169187,0.31352285,0.88780135,16,0
-0.39437592,0.9015892,-0.945552,0.12919904,-0.30661264,-0.303322,0.40509695,-0.023028215,0.20265265,0.2961757,16,B
-0.5099965,0.60500246,-0.09505557,0.046930745,-1.1228753,1.0666882,0.82780707,0.32190064,0.32157272,-0.2320588,16,H
0.28166008,-0.5145128,-1.6792101,0.3616451,-0.25366363,-0.50701755,0.5489328,0.03189856,0.18982704,0.20322448,16,P
-0.69535047,-0.22266969,-0.5989295,0.6208949,-0.28076807,0.32498112,0.9386933,-0.65298593,0.96033424,0.04383997,16,x
0.69075024,-0.08401215,0.4274184,1.2502557,0.89260733,-0.66705394,-0.19153593,-0.26722616,-0.03580934,-0.30915505,16,I
-0.012930114,0.090472735,-1.29823,0.14681391,-0.9030927,0.8016636,-0.31770745,0.4875524,-0.49147615,0.07719677,16,W
1.4304472,-0.5247829,0.101959676,0.24548167,-0.5546363,-0.42068186,0.67136425,0.5283229,0.55975753,-0.015498622,16,D
0.1898576,-0.90654665,-0.23182024,-0.020075,-0.20380671,-0.43982196,0.75053865,0.24589543,1.0263948,-1.0490183,16,R
0.67057884,0.34174046,0.1904747,0.6865932,-0.43434668,-0.21621206,0.03126712,0.5392035,-0.66052896,0.93900025,16,F
-0.11480132,0.44523668,-0.08277584,-0.47617978,-0.8193977,-0.17190872,0.8476471,-0.7737896,0.25464848,-1.0676107,16,L
0.84713805,0.0716141,-0.66518366,1.0944952,0.09183098,-0.32728472,1.103139,0.04371939,0.09049913,0.39240342,16,G
-0.29516593,-0.049010884,-1.3362389,-0.86951435,0.19510703,0.21453896,0.13333103,-0.6417338,0.87179416,-0.30849126,16,J
-1.2658376,0.44192427,0.37326896,0.017877897,0.07640242,0.037599813,-0.44777665,-0.024839256,-0.508789,0.8706474,16,2
-0.9071594,-0.77062094,0.297426,-0.49699613,-0.33584073,1.2614673,0.21623619,-0.15303645,-0.5866107,-0.26790863,16,N
-0.7345383,-0.21081485,0.21317703,-0.008743871,0.4013282,0.2981908,-0.67933404,0.24493885,0.025731534,1.0976486,16,5
0.49121204,-0.23407891,-0.047141723,-1.3091477,0.5321291,0.08355798,1.1835157,0.07118124,-0.27751875,0.46356338,16,j
-0.76208043,-0.5427623,0.19805819,0.9248621,-0.15224025,0.22651035,-1.1138995,0.21540006,-0.6090324,0.31137913,16,9
-1.1046071,-0.17772576,-0.66217834,0.5237679,-0.64178693,-0.26525593,-0.4822469,-0.7008319,0.680404,0.5430739,16,E
0.021723256,0.82650733,0.31331283,0.04578757,-0.31521624,-0.43152222,-1.3115401,-0.69965285,0.22974445,0.1730259,16,O
-0.09107346,0.2681798,-0.21190804,0.32372203,0.37170005,0.7985537,0.8338841,-0.7621314,0.39798614,1.1745218,16,q
0.7922262,0.31743252,-0.60872245,1.24025,-0.78452975,-0.35561,-0.25331804,0.36964205,0.5276373,-0.12313449,16,K
-1.4861484,0.06655754,0.2094434,-0.24077892,0.4760111,0.4329224,-0.474972,0.014177488,-0.014779364,0.90761137,16,3
-1.3068188,-0.21332951,0.18991154,0.30073643,0.29857564,-0.19965507,-0.36198694,0.3050605,-0.5066662,1.0790348,16,6
-0.47431502,0.64185256,-0.2270974,0.22793363,-0.16299963,0.28863662,0.99645114,-0.018358415,0.19508585,-0.83679736,16,z
-0.6241257,-0.6418441,0.6879791,0.17369884,0.708727,0.6806237,0.27624342,1.0667024,0.4130444,0.58711505,16,;
-1.2552184,-0.26721287,-0.09252095,-0.29637793,0.39606157,0.28146613,-0.33889565,0.14432728,0.049616903,0.9200003,16,4
0.5212938,-0.41635555,0.03955656,-0.5423214,0.123540804,-0.7150476,-0.08666804,-1.4213346,-0.30997866,-0.75070167,16,U
-1.2820064,0.08365922,0.09426564,0.23520564,-0.17858067,0.1262683,-0.7349721,0.2231059,-0.14355408,0.9609067,16,7
-1.3809376,-0.11065345,-0.18787712,0.064982995,0.044950966,0.2755492,-0.6755328,0.4723794,-0.052004345,0.7719859,16,8
-0.14176603,-0.21206352,0.31960696,-0.32335275,0.5661848,0.4255186,-1.1261474,-0.7463956,-1.1120374,0.40577397,16,$
0.15924707,0.021540413,0.302186,1.2166528,0.75952256,0.8798506,-0.39952028,-0.14855787,0.36138126,-0.30455258,16,:
-0.4988949,0.7284382,0.60293627,0.41113925,-0.055489775,0.21663007,-0.18776643,0.5215571,0.6001192,1.4037398,16,)
-0.73063016,0.065474376,1.220908,0.98002654,-0.00830286,-0.15813948,0.1508284,0.8204365,0.27777198,0.4612208,16,(
-0.31854925,-0.6246917,0.19120495,0.17850898,-1.0050759,0.82677543,-0.65051925,0.37635943,-0.68884677,-0.7836455,16,Y
0.39256182,0.4121489,0.21379745,1.1866736,-0.8208716,-0.1558894,1.0798329,0.25541198,-0.2713946,0.19657584,16,V
-0.7205838,0.47915125,0.3688904,0.69744277,0.8572232,0.54560965,-0.5937553,0.5760921,-0.2793297,0.56850964,16,?
0.029817956,0.28323504,0.19192576,1.2528852,0.861486,0.44553953,-0.13836336,0.92336,-0.18859562,0.5446019,16,!
-0.8340896,0.5128967,0.6392055,0.9624158,-0.38523114,0.7669026,-0.08054242,0.095685996,0.097324565,0.8868364,16,&
-0.19383034,0.12551987,-0.55947006,-0.09870335,-0.67141354,-0.9803047,0.9837185,0.23384908,0.60703737,0.60889435,16,%
1.0483083,-0.22995308,0.33105862,-0.32150027,-0.68981004,-0.056611557,-0.7746325,-0.62534714,0.5148868,-0.94865316,16,Z
0.0053028944,0.69349265,-0.046301465,0.7855443,-0.13761535,0.4096266,0.91497844,-0.9678134,0.29800212,0.9221878,16,Q
1.0440128,0.53967255,-0.049889393,0.100469835,1.2801116,-0.1381065,-0.41880146,-0.76780915,-0.36208332,-0.08388612,16,/
0.0,0.0,0.0,0.0,0.0,0.0,0.0,0.0,0.0,0.0,16,~
-0.79049176,-0.43941972,-0.42759284,-0.9209099,-0.66906863,-0.09938616,-0.67239755,-0.6401731,-0.86865,0.25546357,17, 
-0.61187816,-0.47402644,-0.13335767,1.2053815,0.3185611,0.16803081,-0.6885397,-0.73147815,0.7529128,0.44655728,17,e
0.62107414,0.8991489,-0.53544825,0.43224952,0.10908211,0.5048206,-1.3139143,-0.4321822,0.11119266,-0.37415788,17,t
-0.8304416,-0.31772238,1.540382,0.01090328,0.053698227,-0.8811501,0.07972662,-0.11369332,-0.07552901,0.10873008,17,a
-0.08490283,0.17186229,0.07437661,0.117434174,1.3884321,-0.559335,0.6929465,-0.14958148,-0.7626963,0.72558737,17,o
-0.21712223,-0.71232677,0.5661711,-0.072194174,0.31444213,1.4732018,-0.34919563,0.607318,-0.3788626,-0.20936772,17,n
0.089317866,-0.6022147,-0.8821778,-0.18838508,0.64136434,-1.4506406,-0.2852512,-0.14164199,0.26092815,0.2014769,17,i
1.1100851,-0.16408788,-0.00908555,-0.053256337,-0.25936916,-0.64043903,-0.08758268,-0.10691839,0.48602834,-1.3480965,17,r
-0.83362925,0.09014622,-0.019447524,0.8557715,-1.0063989,0.11725103,0.09253385,0.15660575,0.9166075,-0.799586,17,s
-0.42192915,0.6373593,-0.69335014,-0.023592243,-0.08771718,1.146335,0.6242255,0.7711766,0.17484275,-0.7252066,17,h
0.7150412,-0.5060376,0.17978667,0.74858946,0.6730252,0.27110684,0.63693184,0.12113314,-1.1092199,-0.60150874,17,l
0.3492688,-0.1533286,0.24769622,-0.1997357,0.6557139,0.69583434,0.91918266,-0.21949124,0.90848804,-1.0235938,17,d
0.9495127,-0.96901083,-0.25481862,0.57843786,-1.1441388,0.068549305,-0.12165413,-0.20444506,-0.5525249,0.15274526,17,c
0.14752154,0.57632554,0.5219131,-0.61395943,0.30315194,-0.68787456,-0.4028561,-1.1511066,0.89825416,0.37077498,17,u
0.7718753,0.27142757,0.5118125,-1.007415,-0.8356052,0.013744832,0.5015008,0.9008525,0.038841505,-0.42335203,17,m
0.3099336,-0.04569858,-0.05434498,-0.034696575,0.022728896,0.7127047,0.5515179,1.0123265,-0.84654164,1.1591465,17,f
0.41282722,-0.17933066,-0.92215526,0.093724675,-0.75539535,-0.33152515,0.7671969,0.34921116,0.62336874,1.0763829,17,p
1.1529374,-0.11254277,-0.59439266,-0.17467156,0.29542333,0.70776105,0.4438442,0.6721399,0.45408764,0.8449874,17,g
-0.28019097,0.51863533,-0.0884815,-0.12743032,0.8436242,-0.16303556,0.2581025,1.5179188,0.38306233,0.25694513,17,y
-0.014281879,1.1952101,-0.27064055,0.61187303,0.6331058,0.7508726,0.008984465,0.21472505,-0.7790971,-0.62625283,17,w
-0.2582534,1.1462978,-0.46620452,-0.15158628,-0.6056732,0.002325628,0.99904686,0.63810164,0.211989,0.74961823,17,b
-0.23525281,0.6250371,0.69663537,1.0824802,0.8111235,0.6429391,0.01210955,0.61362815,0.6151376,-0.048697248,17,.
-0.035041373,0.16935669,1.0944536,0.9231078,0.6401936,-0.1983682,0.12429217,-0.0077175824,0.93164015,0.57069224,17,","
0.7719486,1.1474521,-0.4234243,-0.56362104,-0.39789212,0.29728258,0.62847435,-0.6594767,-0.20684749,-0.686383,17,v
-0.038571756,1.2660452,1.0595711,-0.022157133,-0.5828559,-0.21993461,0.5981111,0.038731318,0.4159876,-0.5933674,17,k
-0.68671066,0.7266895,0.37447867,-0.6184205,0.5217401,0.09955106,-1.2394,0.7454132,0.17536397,0.27026567,17,'
0.86968946,0.50019526,-0.13470775,0.23862246,-0.5116293,0.29444915,-1.0730339,-0.6128685,0.14269862,0.5043778,17,T
-0.7887194,-0.6982477,-0.050377764,-0.7793484,-0.6244977,-0.20855767,-0.35056624,0.1460809,-0.15222564,1.2959735,17,-
-0.10083829,-1.4197961,0.44469863,-0.62997794,-0.64016515,0.2206988,-0.12310255,-0.45110533,0.44999623,-0.44777244,17,S
0.27868065,-0.6115734,-0.23032594,-1.114531,-1.1280615,-0.3727122,0.85073256,-0.18993951,0.16860108,0.19220294,17,M
0.11211973,0.42641184,-0.7406575,-0.27717644,0.8536483,0.01151565,-0.5150218,0.54930544,-0.75291187,0.9345919,17,`
0.3900152,-0.30964488,-0.1549432,0.38154626,-1.2199835,-0.15056539,0.20391975,-1.1107632,-0.78888714,0.13809416,17,C
-0.5593725,-1.1551484,0.89779127,-0.09247565,-0.014072206,0.08625111,-0.03859515,-0.90206945,0.28929436,0.4394262,17,A
-1.0191839,-0.3048449,-0.23158786,0.36204588,0.4146753,0.5429027,-0.32960996,-0.45402923,-0.39687476,1.2378155,17,1
-0.56448835,-0.42256784,0.28992227,-0.6537334,0.61942697,-0.10805889,-0.70238405,0.70619607,0.33036092,1.0839478,17,0
-0.33700678,0.9139616,-0.9426282,0.31633195,-0.2723061,-0.4270967,0.39644882,-0.07442309,0.15989153,0.22129951,17,B
-0.38921276,0.74469936,-0.06221344,0.08533466,-1.0961622,1.0116843,0.8280238,0.34871882,0.28187585,-0.283794,17,H
0.30676302,-0.49870285,-1.6796283,0.37078696,-0.21760942,-0.5582005,0.4834627,0.008280641,0.2955744,0.1358185,17,P
-0.65209854,-0.24580674,-0.53472257,0.72004896,-0.369202,0.32235956,1.0603068,-0.68384403,0.9045957,-0.0801066,17,x
0.68309706,-0.124507524,0.47442684,1.1703291,0.8424098,-0.7222123,-0.30359626,-0.17338991,-0.04254582,-0.27339065,17,I
-0.12467631,0.06585459,-1.3392216,0.09680092,-0.8943562,0.8126902,-0.3169935,0.51086086,-0.5010514,0.13146056,17,W
1.4638587,-0.46004865,0.06245187,0.24696046,-0.52778554,-0.36157757,0.68381065,0.57416004,0.51384014,0.04247039,17,D
0.22808008,-1.034316,-0.30754167,0.08574807,-0.12063706,-0.5424548,0.76319635,0.29338378,0.95469636,-0.94203866,17,R
0.72630525,0.37949088,0.23584622,0.84595656,-0.3036999,-0.26787594,-0.110507905,0.55415654,-0.61518395,0.9106808,17,F
-0.14830661,0.4326692,-0.117768124,-0.5845143,-0.85594916,-0.30505592,0.8535861,-0.834473,0.2956659,-1.0342168,17,L
0.8585577,0.07786715,-0.7620118,1.0260057,-0.00036549428,-0.26692194,1.0704702,0.093367174,-0.12792338,0.37375852,17,G
-0.31888422,-0.12035422,-1.3715968,-0.93275326,0.21258591,0.15613781,0.0038907514,-0.521182,0.8466899,-0.27279952,17,J
-1.2666547,0.29127318,0.23535222,0.11134161,0.09069302,0.17086482,-0.56693953,-0.09061883,-0.50066066,1.097196,17,2
-0.89760715,-0.80108595,0.27047014,-0.31418002,-0.43714955,1.3013706,0.25285295,-0.1365224,-0.44878182,-0.30738848,17,N
-0.764322,-0.33717796,0.2610549,-0.17540373,0.3675061,0.25615564,-0.7507495,0.17768598,-0.14377843,1.1865872,17,5
0.49264988,-0.20975485,0.1184411,-1.3662547,0.5080161,0.20984244,1.1318903,0.055564463,-0.23404728,0.43097278,17,j
-0.6590963,-0.47848752,0.14367913,0.7787827,-0.21375264,0.2507874,-1.0693454,0.31241903,-0.630065,0.3772475,17,9
-1.0792191,-0.057797924,-0.5465988,0.58808005,-0.53051674,-0.3564824,-0.36127585,-0.7284103,0.75386685,0.53327984,17,E
0.121365234,0.8572951,0.23815687,0.06947944,-0.3367858,-0.37392172,-1.2083896,-0.56727433,0.22008434,0.09385827,17,O
0.008380693,0.38660395,-0.31094703,0.3066712,0.29897943,0.80282676,0.7428569,-0.75987875,0.47759938,1.1956652,17,q
0.9304793,0.27859122,-0.6421534,1.2031034,-0.7900501,-0.4034159,-0.29429558,0.094960034,0.4294721,-0.13845892,17,K
-1.410286,-0.06784368,0.36497205,-0.19407898,0.426373,0.45864084,-0.33187306,-0.20575488,0.023061274,0.90728706,17,3
-1.3491377,-0.21287064,0.11028582,0.46620613,0.22122455,-0.24535447,-0.45923978,0.45471483,-0.45303535,1.0830302,17,6
-0.46897683,0.6474834,-0.18900245,0.23588759,-0.2510175,0.064353645,1.1577443,-0.15709074,0.28251603,-0.83944887,17,z
-0.48390028,-0.6740955,0.7624846,0.01570943,0.7182952,0.51735854,0.27799127,1.1172609,0.44252124,0.5168824,17,;
-1.3546706,-0.051773623,0.024312079,-0.28358042,0.43134302,0.3868497,-0.56233424,0.18161316,0.1173915,0.9208582,17,4
0.44658858,-0.40311307,0.13642643,-0.5223646,0.11438827,-0.78752387,-0.083433494,-1.4619623,-0.31855825,-0.6147122,17,U
-1.4161524,0.13499825,-0.15323536,0.24139236,0.056048717,-0.04762055,-0.79843396,0.10357046,-0.06894831,0.8596352,17,7
-1.2966594,-0.014268475,-0.07855521,0.3820514,0.16820963,0.31466028,-0.7677527,0.40437445,0.034042656,0.61937064,17,8
-0.21294008,-0.34738463,0.40330634,-0.3858194,0.49054578,0.44872624,-1.0050678,-0.65933615,-1.193089,0.37467578,17,$
-0.0862319,-0.057208516,0.5396583,1.2205625,0.7804107,0.8593152,-0.45275828,-0.07997169,0.40758002,-0.16169176,17,:
-0.46945402,0.4647502,0.68404186,0.2432257,0.010066408,0.1575044,0.014694169,0.6637586,0.46207872,1.3237491,17,)
-0.740864,-0.036493223,1.1784704,0.9738005,-0.016670538,-0.038781736,0.19687402,0.806794,0.3354915,0.4043081,17,(
-0.23802923,-0.5792346,-0.021593975,0.1950592,-0.9397613,0.8497342,-0.86625475,0.28357065,-0.7894139,-0.7142341,17,Y
0.30610037,0.4271574,0.27707314,1.0246516,-0.8231954,-0.0826206,1.1934034,0.085621245,-0.45662916,0.13439257,17,V
-0.6283472,0.65695775,0.4393736,0.93469554,0.8614484,0.60827047,-0.48904237,0.6259564,-0.03900851,0.56728405,17,?
-0.10024928,0.19146948,-0.03089142,1.3228959,0.721799,0.6069199,-0.15542646,0.90447074,-0.1912493,0.65888894,17,!
-0.8415046,0.49949092,0.6140602,0.920194,-0.46011475,0.8471353,0.033433232,0.28251788,0.063178286,0.7835654,17,&
-0.44174668,0.27537644,-0.58031553,-0.12471151,-0.5883383,-1.0528141,0.75659007,0.15905692,0.79432636,0.8180595,17,%
1.0838149,-0.3681908,0.04536289,-0.4935882,-0.63885725,0.014977163,-0.7162975,-0.78276795,0.29760125,-0.87211883,17,Z
0.07620406,0.64057004,0.21338288,0.685271,-0.015384536,0.44878057,1.1049172,-0.7962785,0.15614937,0.8156985,17,Q
1.1880146,0.43173468,-0.11516183,-0.16895437,1.2734915,-0.29692313,-0.13537595,-0.54406536,-0.41220427,0.12739101,17,/
0.0,0.0,0.0,0.0,0.0,0.0,0.0,0.0,0.0,0.0,17,~
-0.7813747,-0.4199803,-0.5097082,-0.87802666,-0.64897364,-0.12292225,-0.66404295,-0.71540934,-0.852814,0.25691274,18, 
-0.6172038,-0.47404733,-0.16610171,1.2209831,0.35667127,0.15829377,-0.6651832,-0.67680144,0.703957,0.50111103,18,e
0.6335249,0.93213475,-0.4822412,0.447146,0.06527737,0.5138485,-1.2749221,-0.37958473,0.19430529,-0.3627368,18,t
-0.79928863,-0.3606939,1.4734652,0.00077564456,0.12438115,-0.9554728,0.049979527,-0.102847666,-0.08103862,0.06604403,18,a
-0.11447928,0.14696315,0.10275931,0.15641837,1.4506902,-0.52952504,0.66450304,-0.17910889,-0.7906665,0.6682615,18,o
-0.26408267,-0.6832207,0.65213364,-0.111548424,0.2817822,1.5124497,-0.38828233,0.5970683,-0.32159472,-0.21946703,18,n
0.09242491,-0.61552316,-0.9323796,-0.18075013,0.5845385,-1.4743642,-0.26362884,-0.1316784,0.24776383,0.19880208,18,i
1.1716857,-0.18267085,-0.043283585,-0.048513427,-0.2510781,-0.6576312,-0.04820499,-0.19945854,0.46066117,-1.3563633,18,r
-0.76310563,0.09936373,-0.0046333475,0.9174698,-1.0035237,0.11322291,0.08367158,0.15357675,0.91285455,-0.8259869,18,s
-0.30936694,0.7046474,-0.550925,-0.029984554,-0.09006633,1.0370301,0.65269905,0.76371217,0.14227162,-0.79127854,18,h
0.674964,-0.5024488,0.13066956,0.7123779,0.6502406,0.27260363,0.6528531,0.20412141,-1.1059983,-0.609587,18,l
0.41272295,-0.23578498,0.30246574,-0.13927652,0.7106574,0.705368,0.9982713,-0.12969448,0.8352321,-0.9744868,18,d
0.9795195,-0.9546049,-0.26406583,0.6172879,-1.1491098,-0.0047523067,-0.17665151,-0.14890833,-0.51733243,0.07002395,18,c
0.22472857,0.57719356,0.45534018,-0.5911113,0.3158721,-0.6190302,-0.4533205,-1.2137748,0.9002236,0.2957565,18,u
0.83077055,0.28608778,0.5229246,-1.0136762,-0.77805513,-0.032111727,0.476451,0.953238,-0.01523571,-0.42668474,18,m
0.23670942,0.01151649,-0.047603216,0.02562532,0.058448747,0.74606466,0.5200802,0.99963164,-0.8775367,1.1480087,18,f
0.51704174,-0.13553113,-0.91849715,-0.06533683,-0.82033646,-0.33868948,0.7710601,0.24905194,0.57654047,0.94328135,18,p
1.1532474,-0.16125111,-0.6508213,-0.22064643,0.35353836,0.66306883,0.4678847,0.5661009,0.49469995,0.84064853,18,g
-0.3946166,0.6212011,-0.10910145,-0.1461669,0.856212,-0.10643043,0.2874333,1.5010599,0.5007082,0.2394382,18,y
-0.09033414,1.1331496,-0.13942707,0.7105458,0.57754374,0.7652463,-0.057666034,0.23736595,-0.78994155,-0.7072527,18,w
-0.2160295,1.1583562,-0.48137763,-0.14344695,-0.54133165,-0.016886069,1.014988,0.4695582,0.1494994,0.7849654,18,b
-0.27037752,0.61079895,0.7987836,1.0520381,0.77464736,0.7019923,-0.13513112,0.69554704,0.45706186,-0.07181307,18,.
-0.012247672,0.10776874,1.184335,0.9022073,0.7165785,-0.12389165,0.19145617,0.022364784,0.80116415,0.66441,18,","
0.84234864,1.1045934,-0.42228645,-0.59936833,-0.35741112,0.31854817,0.5975046,-0.60942847,-0.2560705,-0.64918613,18,v
-0.053052545,1.3561593,1.0025047,-0.0029052382,-0.482095,-0.12116682,0.5591107,0.07056664,0.47379535,-0.6031827,18,k
-0.66773516,0.6592184,0.3525746,-0.5612331,0.4280686,0.1691335,-1.3268455,0.7668289,0.25852123,0.22263525,18,'
0.964551,0.56954587,-0.12249925,0.2605177,-0.4997882,0.44392598,-1.0265086,-0.58927184,0.36683264,0.43430194,18,T
-0.7179649,-0.6361861,-0.1614702,-0.8370594,-0.51727664,-0.17051852,-0.365352,0.043556258,-0.21288612,1.3695624,18,-
-0.08455507,-1.4102576,0.45568627,-0.70008475,-0.67569757,0.20863566,-0.14902483,-0.44812775,0.55141854,-0.38558584,18,S
0.2625646,-0.59948,-0.2553589,-1.1921622,-1.1013879,-0.37200195,0.79926175,-0.12104786,0.15864801,0.22602744,18,M
0.17796187,0.41920874,-0.90648407,-0.27213454,1.0524791,0.09528175,-0.5149063,0.6424658,-0.6743582,0.7813503,18,`
0.3941577,-0.21006541,-0.25724432,0.40337828,-1.2216958,-0.10124259,0.17301717,-1.1674055,-0.76964766,0.17453276,18,C
-0.56736284,-1.1758949,0.9877791,-0.009236392,0.024758076,0.22234763,-0.006896413,-0.80385315,0.26854062,0.52322656,18,A
-0.8451265,-0.112492755,-0.11739957,0.5604267,0.39712882,0.5542096,-0.2984054,-0.31770805,-0.29604438,1.1595258,18,1
-0.50249445,-0.40456194,0.28705934,-0.8975418,0.5011756,-0.23407859,-0.6132912,0.6060546,0.36780697,1.0826135,18,0
-0.43215877,0.9345446,-0.9352986,0.24477038,-0.24350196,-0.42631692,0.38939476,-0.09278806,0.18318254,0.25289175,18,B
-0.5030954,0.7117966,-0.02946315,0.11458875,-1.065158,1.022098,0.83029723,0.37897772,0.34014753,-0.20852129,18,H
0.3510571,-0.52214324,-1.6625656,0.2770577,-0.35436755,-0.4539337,0.4854378,0.06073184,0.29051307,0.22884835,18,P
-0.73283094,-0.18977964,-0.5106216,0.7023606,-0.31277713,0.39385128,0.9944471,-0.67382884,0.9791152,-0.10881727,18,x
0.6441146,-0.17890128,0.5853406,1.1807303,0.78409517,-0.69122756,-0.23755753,-0.15607923,0.027075876,-0.19455387,18,I
-0.12157068,0.1495788,-1.247619,0.19796985,-0.95248795,0.71558267,-0.32188725,0.47447985,-0.5055269,0.17965119,18,W
1.477171,-0.46609196,0.09666759,0.1997194,-0.6068793,-0.49078307,0.5762116,0.49040207,0.6079372,0.0046521835,18,D
0.20067327,-0.9511691,-0.30294034,-0.05417588,-0.119384795,-0.5131956,0.8271749,0.25454414,0.8700096,-1.0068717,18,R
0.67798346,0.4934183,0.28272524,0.683464,-0.3503584,-0.226882,0.07369758,0.632308,-0.59054536,1.0114515,18,F
-0.2019168,0.45522556,0.009522003,-0.33871192,-0.8651789,-0.1363892,0.88279206,-0.78585494,0.22195543,-0.94873005,18,L
0.7891206,0.048565518,-0.4942308,1.1310687,0.19714285,-0.41487798,1.1433396,-0.045056853,-0.0800651,0.37295666,18,G
-0.31970412,-0.095337726,-1.303924,-1.0184658,0.21000393,0.11038349,0.035965208,-0.6170779,0.76207346,-0.29932055,18,J
-1.4256372,0.18372352,0.24857289,0.12254234,-0.007630494,0.20399182,-0.62347347,-0.17644875,-0.43587163,0.92240834,18,2
-0.85895056,-0.8032912,0.37865406,-0.4255313,-0.45276433,1.2391866,0.2769647,-0.10248415,-0.5391373,-0.23192376,18,N
-0.8271777,-0.34403625,0.20007928,-0.18259585,0.39691216,0.17826745,-0.74728227,0.07706594,-0.06787601,1.2516751,18,5
0.524168,-0.16996337,0.028634347,-1.2401848,0.41108692,0.014130064,1.103811,0.08120832,-0.18353042,0.46957847,18,j
-0.75845695,-0.45112845,0.22484717,1.0007764,-0.09045842,0.26279572,-1.1669536,0.37248138,-0.6180299,0.3574443,18,9
-1.1176485,-0.07940363,-0.629698,0.5589611,-0.6032582,-0.20145108,-0.43983582,-0.72617084,0.5966924,0.6330359,18,E
0.055420004,0.8250419,0.32623008,0.10882907,-0.3774659,-0.43858084,-1.1930599,-0.68192106,0.29946527,0.0767166,18,O
0.08996542,0.22594403,-0.23015717,0.3528944,0.22333522,0.64886993,0.85466844,-0.7809794,0.5608772,1.2796358,18,q
0.78333414,0.26830086,-0.58340114,1.2936072,-0.8304655,-0.35229933,-0.36155912,0.052929904,0.5030789,-0.08750197,18,K
-1.3425658,0.020166771,0.07554146,-0.078387916,0.29429188,0.54131883,-0.41621524,-0.072363265,0.019156976,0.9126693,18,3
-1.2489245,-0.24282461,0.1613863,0.5320305,0.036690764,-0.112916656,-0.45862862,0.39633775,-0.40236774,1.1176405,18,6
-0.5977262,0.6834763,-0.30591422,0.18990205,-0.2925442,0.33949795,1.1699681,-0.018246071,0.24000989,-0.98969275,18,z
-0.50141615,-0.7311399,0.73470837,0.047088798,0.8355109,0.57146955,0.26370087,1.0468103,0.47923994,0.5023205,18,;
-1.1616077,-0.26570845,-0.009018193,-0.32473692,0.45375893,0.25798938,-0.41695324,0.1867192,0.024840528,0.7778599,18,4
0.43541676,-0.37056282,0.1731849,-0.5044172,0.10675579,-0.7413367,-0.13933837,-1.2857875,-0.45356885,-0.79038036,18,U
-1.2874082,0.06687753,0.09970125,0.0795048,0.050566953,0.088049345,-0.9118471,0.24705914,-0.22292434,0.86224514,18,7
-1.1495923,-0.25479826,-0.092856936,0.33721483,0.27501655,0.3865612,-0.56712943,0.29142213,-0.27181762,0.6549102,18,8
-0.10910475,-0.2843005,0.37944567,-0.46820158,0.53417224,0.4972817,-1.072102,-0.5851104,-1.0971453,0.35897318,18,$
-0.13700242,-0.07117402,0.33295026,1.0830271,0.90537256,0.7728767,-0.543161,-0.22019078,0.6514048,-0.09849251,18,:
-0.47122192,0.59128904,0.43264332,0.2078646,-0.09871546,0.073854804,-0.22885486,0.6144835,0.3490131,1.4609078,18,)
-0.50393575,-0.0061891107,1.2444063,1.0683943,-0.057155672,-0.21861741,0.1875239,0.79929394,0.24912296,0.51849604,18,(
-0.28332442,-0.6494476,0.08737857,0.26619968,-0.9863734,0.8636138,-0.71685094,0.38510957,-0.6719686,-0.7155502,18,Y
0.26281568,0.39792648,0.109829456,1.131484,-0.80998445,-0.11834617,1.1378791,0.18609461,-0.31165418,0.10390882,18,V
-0.5806614,0.41619086,0.43542928,1.0318223,0.9683318,0.60636467,-0.21999723,0.55904144,-0.092949934,0.438621,18,?
-0.150346,0.25337702,0.08970911,1.3595946,0.8481764,0.46411487,-0.064911984,0.7320723,-0.1611741,0.71966213,18,!
-0.7998952,0.3474936,0.6292782,1.1524347,-0.4455627,0.7854408,-0.042085517,0.039358716,0.32664672,0.7363549,18,&
-0.4736711,0.21912637,-0.5675649,-0.25819242,-0.66994005,-0.8913496,1.0856707,0.14358118,0.69156164,0.5839851,18,%
0.95236063,-0.39319545,0.11100228,-0.48352876,-0.69281787,0.11771861,-0.83758134,-0.6497064,0.48627812,-0.76191026,18,Z
0.14488342,0.7082466,-0.23948605,0.5164956,-0.1916115,0.55668694,1.0773946,-0.6444725,0.6113665,0.8870993,18,Q
1.0874296,0.66477716,-0.16519216,0.079901084,1.3400164,-0.16125093,-0.3194002,-0.5031541,-0.40189672,-0.059565388,18,/
0.0,0.0,0.0,0.0,0.0,0.0,0.0,0.0,0.0,0.0,18,~
-0.70645905,-0.39031988,-0.47432408,-0.93393326,-0.7081461,-0.17442302,-0.6766739,-0.6847771,-0.85895675,0.23418508,19, 
-0.5995924,-0.52931195,-0.11592981,1.2184672,0.31139064,0.17687541,-0.65122217,-0.69687176,0.6568132,0.42472848,19,e
0.6076515,0.9480333,-0.47886184,0.42187473,0.081133924,0.51055074,-1.2620655,-0.43272012,0.19532616,-0.3908618,19,t
-0.74630857,-0.35073495,1.4785509,-0.003755623,0.113921605,-0.9079652,0.026579577,-0.11816116,-0.097861946,0.08534028,19,a
-0.12246183,0.13386479,0.09245261,0.16053316,1.4505451,-0.5845383,0.6925475,-0.22683287,-0.7311833,0.64907163,19,o
-0.2562811,-0.6538181,0.66000545,-0.17146939,0.28194985,1.4188907,-0.34831858,0.60622156,-0.35609558,-0.19614218,19,n
0.08617065,-0.6103381,-0.89936846,-0.19397582,0.6022254,-1.4465849,-0.26106048,-0.15265971,0.2622903,0.22626218,19,i
1.0964983,-0.13605025,0.036185123,-0.027386675,-0.26510137,-0.71648127,-0.080888584,-0.08155829,0.46126425,-1.3801014,19,r
-0.8362511,0.08456502,-0.06547685,0.86246765,-0.96253526,0.16842236,0.040911783,0.09117294,0.8982917,-0.8190631,19,s
-0.3875747,0.70482737,-0.59054744,-0.04884503,-0.10891944,1.143561,0.6205686,0.7938528,0.1962891,-0.7701412,19,h
0.6957967,-0.5761072,0.12789148,0.75223595,0.7180975,0.2402508,0.69241554,0.22914727,-1.067148,-0.58741546,19,l
0.35401037,-0.18552676,0.28472823,-0.14520566,0.69115156,0.71404666,0.96318203,-0.18701357,0.8346307,-1.0081111,19,d
0.89132476,-0.89720213,-0.2928509,0.6268762,-1.1471282,0.09091483,-0.1317018,-0.13315542,-0.45371383,0.084745,19,c
0.1526964,0.60429126,0.54506594,-0.59563845,0.2594222,-0.6850503,-0.41065565,-1.155653,0.91309816,0.29175285,19,u
0.7891908,0.27529886,0.510815,-1.0787605,-0.7926736,0.08466224,0.466434,0.8573033,0.036759306,-0.37578887,19,m
0.31692627,-0.032780662,0.060228907,0.05638826,-0.036608186,0.6308751,0.47604868,0.9371769,-0.8207601,1.2336373,19,f
0.4734918,-0.2295566,-0.9291891,0.058538895,-0.7537471,-0.34102795,0.7945487,0.23908931,0.5181949,1.007414,19,p
1.133958,-0.09523678,-0.6094171,-0.20234692,0.26936463,0.732744,0.38525918,0.57696515,0.5117694,0.832917,19,g
-0.33431977,0.59887034,-0.051494516,-0.16025217,0.8682654,-0.13480543,0.32560062,1.4501604,0.47982433,0.2705887,19,y
-0.09229289,1.1975398,-0.25397828,0.6737388,0.6617243,0.65911776,0.023904016,0.1816785,-0.7902077,-0.6316689,19,w
-0.3149118,1.162459,-0.5357541,-0.21160664,-0.63145614,0.039230913,0.9443638,0.5502519,0.16029915,0.7727463,19,b
-0.106149405,0.5349438,0.7631566,1.0442827,0.77336586,0.7171509,-0.018628249,0.7481798,0.5220057,-0.10734181,19,.
0.011598922,0.1562483,1.2138555,0.85089487,0.65494996,-0.1550188,0.084684364,0.03520592,0.8067446,0.5248348,19,","
0.72371244,0.99066883,-0.47909883,-0.5410623,-0.34473446,0.26299578,0.6007884,-0.6213652,-0.13627739,-0.76431847,19,v
0.005846108,1.2160151,0.999416,0.0280064,-0.6387816,-0.2329763,0.64469355,0.07093169,0.56306165,-0.56712985,19,k
-0.68166375,0.69669527,0.31487694,-0.58874583,0.42727527,0.20690998,-1.3566228,0.68156034,0.16596399,0.16445248,19,'
0.8521848,0.5324873,-0.2087046,0.23674928,-0.5476988,0.3426858,-1.0077977,-0.68499196,0.17306732,0.41323942,19,T
-0.8984837,-0.718996,-0.13767876,-0.73758996,-0.5135303,-0.20762295,-0.3521061,0.023541048,-0.14625533,1.2884227,19,-
-0.09946248,-1.4742643,0.42853352,-0.62128097,-0.558601,0.23486648,-0.21352795,-0.4685397,0.54212636,-0.38076377,19,S
0.2926009,-0.68429446,-0.30291846,-1.0580232,-1.1197599,-0.4658196,0.8427387,-0.052977752,0.16870801,0.15041485,19,M
0.14280036,0.33726364,-0.8347589,-0.3818803,0.9910733,0.07274533,-0.48169023,0.5518692,-0.6770242,0.99353504,19,`
0.35816243,-0.30937368,-0.2686034,0.5101664,-1.0957271,-0.1417659,0.20383255,-1.1434216,-0.8395128,0.029310387,19,C
-0.47862056,-1.1547215,0.9414369,0.022233585,0.023144055,0.25676912,0.11254101,-0.83831644,0.34674993,0.51799965,19,A
-0.83292353,0.021711335,-0.1417645,0.4665702,0.43595567,0.52157503,-0.21522394,-0.24701986,-0.31429097,1.3272663,19,1
-0.48579103,-0.25072673,0.23887312,-0.64206827,0.701558,-0.00571852,-0.4459937,0.86692125,0.35784227,1.1043521,19,0
-0.4698169,1.0337582,-1.05734,0.07013062,-0.22889483,-0.45658183,0.3793553,-0.047192603,0.20084569,0.22330722,19,B
-0.3431948,0.63560265,-0.11191793,0.11616085,-1.0651253,1.1386319,0.84041363,0.2628867,0.40603018,-0.23076408,19,H
0.18942212,-0.5740977,-1.6516634,0.39808744,-0.2905381,-0.50064486,0.50578344,-0.08517223,0.2786154,0.1956589,19,P
-0.61183006,-0.26463845,-0.62155867,0.56649023,-0.30479473,0.42154,0.9303982,-0.84518665,0.9836665,-0.12638856,19,x
0.7811885,-0.08455289,0.5393801,1.1779819,0.7679687,-0.7426815,-0.22008407,-0.25990033,-0.032913852,-0.14293669,19,I
-0.0005677213,0.1470561,-1.2384832,0.22837712,-0.89862764,0.7105719,-0.36019158,0.4638413,-0.64580613,0.16280481,19,W
1.4783732,-0.5191733,0.15148059,0.2432833,-0.4838287,-0.44920173,0.58433115,0.50455767,0.63876605,0.13085085,19,D
0.25971356,-0.99948347,-0.24458897,0.06456712,-0.038093112,-0.5925404,0.75781,0.23455252,0.9682934,-0.9747566,19,R
0.6766148,0.46373716,0.2878102,0.7416619,-0.34798655,-0.3377634,0.116292454,0.5512958,-0.60470945,1.0831391,19,F
-0.22695805,0.42098054,-0.02270803,-0.46852824,-0.981897,-0.12957694,0.8283335,-0.8945283,0.23048638,-0.9776547,19,L
0.82205886,0.12514786,-0.67376685,1.0740997,0.16879465,-0.4326831,1.1529166,0.003028712,-0.0811004,0.38651744,19,G
-0.29781756,-0.08795038,-1.2822717,-1.0028441,0.1970771,0.20261794,0.0048846724,-0.59760946,0.78602475,-0.4280997,19,J
-1.3476288,0.13828202,0.2472454,0.16651082,0.12752117,0.3095698,-0.39903352,-0.052690767,-0.38407558,0.8196758,19,2
-0.8044057,-0.79207426,0.3120324,-0.3645586,-0.4826886,1.1933861,0.22796817,-0.15320852,-0.5905962,-0.31725216,19,N
-0.8027139,-0.23072453,0.26128405,-0.22075567,0.4430816,0.02750937,-0.7359768,0.21507376,-0.07082563,1.1732303,19,5
0.457124,-0.15510917,0.0057042735,-1.3078122,0.42688516,0.13530183,1.1420465,0.22468013,-0.2729811,0.36106297,19,j
-0.6712736,-0.34202862,0.25101066,0.9413477,-0.1676344,0.13763748,-1.1253514,0.31975946,-0.5730659,0.37309664,19,9
-1.1869037,-0.08283449,-0.579565,0.60082114,-0.6653774,-0.09689145,-0.38702324,-0.6190154,0.7199763,0.5312575,19,E
0.124303624,0.8373678,0.31752515,0.15896894,-0.3076582,-0.45362306,-1.2489464,-0.6679634,0.2841893,0.11063361,19,O
0.13849947,0.28025228,-0.32679185,0.33399016,0.25859264,0.8425739,0.72646815,-0.7380889,0.6505861,1.187998,19,q
0.7979223,0.3346028,-0.57093143,1.3274229,-0.7911082,-0.34065044,-0.2795754,0.18708014,0.46842602,-0.051545344,19,K
-1.4616857,0.10071516,0.14640541,-0.17075495,0.33723554,0.5280733,-0.40994722,-0.12806687,-0.02324459,0.93905556,19,3
-1.3209454,-0.33164287,0.111816056,0.49093246,0.008632927,-0.086160734,-0.40758863,0.37623268,-0.5098751,1.1171628,19,6
-0.4830484,0.767528,-0.109070994,0.18835345,-0.15373977,0.37833706,1.1292199,0.09220616,0.11336611,-0.65281004,19,z
-0.3891914,-0.59624946,0.86363053,-0.10047805,1.0029925,0.4556074,0.282916,0.9760793,0.5942235,0.3659354,19,;
-1.1957592,-0.14436795,-0.019106505,-0.34157184,0.306605,0.123745374,-0.41199422,0.12948301,-0.046396766,0.87097144,19,4
0.3809373,-0.3269172,0.0036743784,-0.52012426,0.082715385,-0.7431596,-0.19332568,-1.5027459,-0.36553276,-0.6895234,19,U
-1.4939245,-0.0042343633,0.014939341,0.14331387,0.07220167,0.22731218,-0.9195508,0.2535045,-0.21194486,0.84001786,19,7
-1.2541598,-0.1304862,0.13900676,0.28476688,0.21568063,0.24142371,-0.6587226,0.6496607,-0.018842636,0.85038924,19,8
-0.22396256,-0.4078003,0.44376996,-0.65295154,0.42249903,0.36500654,-1.103514,-0.5267027,-1.0433993,0.50283575,19,$
-0.15776503,-0.048752442,0.43677858,1.2806641,0.8296923,0.8024434,-0.5883577,-0.12635417,0.6149685,-0.03601724,19,:
-0.52320313,0.58208907,0.7221575,0.38479525,0.26937705,0.08760043,-0.28302184,0.5285499,0.5047859,1.4077935,19,)
-0.43715435,-0.0014528536,1.317074,0.9490377,-0.18786734,-0.3091712,0.010476702,0.66003793,0.41567028,0.38708633,19,(
-0.43108478,-0.76799387,0.0058265645,0.23817857,-0.99483144,0.907696,-0.5761614,0.42780304,-0.5948008,-0.6965777,19,Y
0.2999048,0.31971848,0.15211505,1.2393371,-0.6870391,-0.16039793,1.1543578,0.11717082,-0.43597254,0.24903053,19,V
-0.61287475,0.4782533,0.4335829,1.1287671,1.0200119,0.5980491,-0.35457137,0.53182894,-0.18856996,0.30222532,19,?
-0.051072363,0.28982353,-0.0164814,1.3680625,0.65136236,0.58901525,-0.002948937,0.881932,-0.21131128,0.6295531,19,!
-0.9162174,0.5512675,0.6094589,0.937278,-0.54087156,0.77016014,0.025164148,0.15857156,0.1285161,0.8238544,19,&
-0.47476694,0.27489188,-0.70835376,-0.24234635,-0.69616336,-0.86644924,1.0793124,0.1544774,0.6711312,0.46511966,19,%
1.0725082,-0.38706392,0.13750634,-0.60034263,-0.6251708,0.12469875,-0.6938876,-0.46028298,0.5752177,-0.88536507,19,Z
0.048202462,0.4793604,-0.22914983,0.7928927,-0.1326828,0.5665139,0.8991043,-0.6820685,0.6765723,0.93103665,19,Q
1.2574407,0.6033387,-0.21777257,-0.023991149,1.0361819,0.14609621,-0.49723837,-0.38885215,-0.32733792,-0.0867771,19,/
0.0,0.0,0.0,0.0,0.0,0.0,0.0,0.0,0.0,0.0,19,~
-0.7111188,-0.39693612,-0.5209792,-0.9395552,-0.64988613,-0.1492136,-0.71388674,-0.70214313,-0.8178108,0.25787178,20, 
-0.61826277,-0.50926363,-0.15715514,1.2364341,0.38684642,0.13474883,-0.6020158,-0.7089337,0.6917338,0.49459025,20,e
0.6133475,0.90963334,-0.5277567,0.44746864,0.07188289,0.49758863,-1.3355101,-0.3714494,0.2021405,-0.31902513,20,t
-0.8006488,-0.32384416,1.5023419,0.021215288,0.12906966,-0.94569266,0.12729721,-0.07200351,-0.10613423,0.08886501,20,a
-0.057386335,0.15187705,0.07537641,0.14677544,1.405609,-0.53383636,0.680949,-0.14509372,-0.7690317,0.62573606,20,o
-0.31512782,-0.6979989,0.6101421,-0.11501763,0.24731445,1.4806545,-0.36735973,0.5810619,-0.34483656,-0.2522307,20,n
0.029409438,-0.6220514,-0.883812,-0.21600384,0.6177323,-1.4618883,-0.28625697,-0.20704074,0.27066135,0.26005474,20,i
1.078477,-0.18815818,0.023086468,-0.013776759,-0.33725306,-0.69537187,-0.1265913,-0.16762301,0.5031461,-1.3595827,20,r
-0.8074273,0.057687722,-0.13502376,0.9172655,-0.9681976,0.109121606,0.10149764,0.123406455,0.9091339,-0.7718331,20,s
-0.4028393,0.6241482,-0.5686887,-0.07393366,-0.09675604,1.194054,0.6258748,0.8373801,0.11198739,-0.7324921,20,h
0.64303416,-0.495196,0.1510552,0.72888875,0.63915104,0.21204545,0.6773048,0.2052607,-1.0660459,-0.5579264,20,l
0.3967018,-0.2508259,0.15827323,-0.17910923,0.7193739,0.66591984,0.9851338,-0.12388934,0.88395554,-0.9938846,20,d
0.8998841,-0.99776834,-0.27170673,0.62418056,-1.1803594,-0.0057864916,-0.15679044,-0.17097914,-0.5279173,0.056505736,20,c
0.095737115,0.5250841,0.5143297,-0.538253,0.36391872,-0.68607855,-0.4750623,-1.1370008,0.97899795,0.24564776,20,u
0.8158518,0.24684872,0.47809017,-1.079602,-0.80878675,0.022457357,0.48987004,0.9250612,-0.032922346,-0.35763937,20,m
0.24899305,-0.0024994458,-3.975129e-05,0.023303438,-0.053258415,0.7380016,0.5711658,1.0723199,-0.7739028,1.1467103,20,f
0.52615774,-0.16512685,-0.8512103,0.011548799,-0.71250916,-0.28945172,0.75226474,0.27715316,0.5663306,1.0256989,20,p
1.1578597,-0.0834501,-0.60948926,-0.13756783,0.3577341,0.6641142,0.48959967,0.63447857,0.48219272,0.9045399,20,g
-0.33481374,0.59430707,-0.07949066,-0.14313708,0.7890985,-0.12770309,0.30569908,1.5323782,0.47382948,0.32075265,20,y
-0.034703687,1.1637601,-0.27543497,0.63432294,0.63601184,0.69407827,0.009850323,0.21505143,-0.83016926,-0.6363761,20,w
-0.2860985,1.1461037,-0.46843103,-0.25879142,-0.5771587,0.08032095,0.99729896,0.57453763,0.20809647,0.7294804,20,b
-0.23813556,0.65772545,0.7875678,1.0657506,0.71601206,0.5697785,-0.056707222,0.54047805,0.7263684,-0.15626933,20,.
0.020450335,0.20787641,1.0408126,1.0589958,0.6718461,-0.047556587,0.13041133,0.013151126,0.83682805,0.5632582,20,","
0.8119671,1.1278485,-0.36013266,-0.6204892,-0.3655321,0.27147895,0.63884264,-0.5765539,-0.28590572,-0.71847934,20,v
-0.12665834,1.2374651,1.0120919,0.10138612,-0.47770917,-0.07520426,0.50329316,0.0264746,0.49555838,-0.6422733,20,k
-0.62888545,0.6930671,0.28222418,-0.5536636,0.47492075,0.07960659,-1.3312142,0.7810641,0.30535448,0.17505932,20,'
0.9436583,0.5272448,-0.12094427,0.23097135,-0.5118965,0.37631923,-0.9766228,-0.7212617,0.18386346,0.4238302,20,T
-0.73027134,-0.6501272,-0.3556864,-0.76122195,-0.6928535,-0.2001929,-0.33092785,0.08188474,-0.31264713,1.2663013,20,-
-0.15324992,-1.3826373,0.40052435,-0.6305747,-0.63083404,0.26679045,-0.11739063,-0.31587124,0.53612894,-0.38435796,20,S
0.2661942,-0.6764166,-0.31959325,-0.97615445,-1.0674163,-0.48552707,0.8391188,-0.13950977,0.1917802,0.061343238,20,M
0.16273971,0.44990665,-0.90751976,-0.36472362,0.9465096,0.058878675,-0.5737757,0.54599285,-0.73310006,0.86624175,20,`
0.3139338,-0.23892385,-0.07493833,0.3475284,-1.2359179,-0.1727381,0.18022697,-1.1492486,-0.874116,0.01802476,20,C
-0.5102873,-1.1426321,0.98846906,-0.049329843,0.0636763,0.21187827,0.03328513,-0.86597365,0.29330155,0.48032877,20,A
-1.0023167,-0.09536001,-0.10446025,0.417129,0.41178995,0.51758164,-0.1657086,-0.42519116,-0.37299278,1.218303,20,1
-0.50366926,-0.33115944,0.27698547,-0.7268707,0.7357183,-0.056697678,-0.59253764,0.71701366,0.31994092,1.0865313,20,0
-0.5364359,0.92162323,-1.0421683,0.13736084,-0.28619477,-0.37533894,0.34983885,0.040159326,0.18060595,0.32478812,20,B
-0.42936146,0.7285912,-0.109907284,0.064808875,-1.0707885,1.0259293,0.7725685,0.2804497,0.31110516,-0.15678935,20,H
0.340264,-0.47122848,-1.5177958,0.42453253,-0.21258892,-0.53196174,0.527697,0.032548476,0.27636236,0.16090588,20,P
-0.66424274,-0.18920617,-0.6074444,0.68395716,-0.3145149,0.2533701,1.0874969,-0.6367781,0.92954975,-0.18057148,20,x
0.66951656,-0.07006401,0.49611664,1.211185,0.8011485,-0.5842145,-0.40054163,-0.23276001,-0.053367294,-0.16999528,20,I
-0.1454037,0.15536463,-1.1822096,0.12712674,-0.909591,0.7877839,-0.35518095,0.49277654,-0.61077356,0.21945457,20,W
1.5110617,-0.45468837,0.13717094,0.26938102,-0.4971275,-0.4958551,0.6137416,0.49038285,0.55091876,0.06996175,20,D
0.2702916,-0.8941533,-0.2997341,-0.060604896,-0.028680272,-0.437533,0.65628874,0.3071166,0.9951494,-1.1082503,20,R
0.8013766,0.30786872,0.28650096,0.7603062,-0.41649118,-0.36423743,0.03382925,0.60565037,-0.59180695,0.9619912,20,F
-0.23907565,0.43453977,-0.1088092,-0.36170444,-0.94432724,-0.28115252,0.87806773,-0.8999516,0.25555414,-0.9941689,20,L
0.842423,0.10346874,-0.60142696,1.1908054,0.22883594,-0.45120195,1.0535777,0.03222718,-0.036928583,0.3626408,20,G
-0.29502365,-0.14103025,-1.389433,-0.8282285,0.19996098,0.16182762,0.08019211,-0.5142288,0.91566384,-0.3179772,20,J
-1.3663371,0.30584192,0.3391131,0.11862698,0.1449475,0.14338632,-0.41288832,-0.17045555,-0.43314463,0.8253646,20,2
-0.84166974,-0.9180247,0.24397491,-0.4192468,-0.47069862,1.1486506,0.21654221,-0.07692953,-0.6181176,-0.2625388,20,N
-0.77832025,-0.21075453,0.3928276,-0.18263057,0.52351683,0.1434678,-0.80114925,0.22001554,0.04220221,1.2122092,20,5
0.5819445,-0.23380226,-0.01050582,-1.3794858,0.5837849,0.14040954,1.0264947,0.011446073,-0.18635273,0.49728212,20,j
-0.7740976,-0.35780352,0.08603376,0.90083015,-0.15894152,0.36430562,-1.1509821,0.26877317,-0.6636046,0.50053185,20,9
-1.2629019,-0.12819766,-0.43437704,0.5642344,-0.6485687,-0.14009349,-0.47079498,-0.76015675,0.63042974,0.4622266,20,E
0.20029584,0.881773,0.39884305,-0.05434566,-0.3231901,-0.42321315,-1.2300357,-0.66936004,0.38997558,0.07526913,20,O
0.08684668,0.28801504,-0.23169921,0.29644403,0.2525431,0.87172914,0.6670472,-0.8227622,0.6093025,1.204621,20,q
0.7457668,0.37078843,-0.67722344,1.2819417,-0.81974363,-0.38292712,-0.298497,0.25057703,0.47314677,-0.09985762,20,K
-1.5512278,0.051411796,0.12983325,-0.15268919,0.22747073,0.25603127,-0.33274025,-0.12851256,0.0058981446,0.90476054,20,3
-1.3432329,-0.22742051,0.23625854,0.53874296,-0.123848535,-0.044815164,-0.49229056,0.25264922,-0.4655068,0.99587035,20,6
-0.36378744,0.7657032,-0.28045002,0.35508633,-0.25900757,0.22146337,1.2123848,-0.12989014,0.07230301,-0.8199106,20,z
-0.4560837,-0.67127067,0.61578304,0.012876062,0.8719871,0.50274193,0.37286448,1.0765142,0.51337594,0.51746565,20,;
-1.429175,-0.2309189,0.07247653,-0.35077715,0.35295576,0.12568393,-0.44428283,0.09043849,0.09418191,0.8461887,20,4
0.29539984,-0.35833073,0.084422186,-0.49167007,0.103549026,-0.64121664,-0.16271389,-1.4358165,-0.41458505,-0.8177193,20,U
-1.3007929,0.004218365,-0.1871092,0.12230017,0.14853232,-0.15276304,-0.7363771,0.2724124,-0.096360095,0.9367438,20,7
-1.1120392,-0.23397192,0.00209097,0.29227585,0.37990105,0.41992265,-0.62895805,0.3940429,-0.08174515,0.8316716,20,8
-0.18546882,-0.41456062,0.41087556,-0.62452745,0.44231585,0.42870498,-1.0669612,-0.60828406,-1.1001365,0.36978388,20,$
-0.05286201,-0.0073682168,0.66913325,1.2698835,0.7469323,0.7119537,-0.5916812,-0.04223562,0.6001565,-0.025257112,20,:
-0.5850384,0.79043776,0.56555825,0.18835862,0.22652479,-0.006937665,-0.22351895,0.51482654,0.6202009,1.3880149,20,)
-0.44952598,0.16555841,1.2332802,0.95560426,-0.44431287,-0.2284411,0.45019725,0.7664761,0.39480644,0.24153757,20,(
-0.39645177,-0.72918046,-0.1098688,0.17704277,-1.0313946,0.88393223,-0.5308315,0.36817202,-0.6617563,-0.75322074,20,Y
0.22276543,0.49686193,0.24744049,1.1960117,-0.61922365,-0.18499668,1.226805,0.17497149,-0.33485854,0.13803712,20,V
-0.53684014,0.3647969,0.32917383,0.8556006,1.2437433,0.69667053,-0.58150274,0.51348424,-0.084969714,0.20987326,20,?
0.04751897,0.18212341,0.02417141,1.3153278,0.80565524,0.7973183,-0.16423273,0.83671576,-0.16058502,0.44130528,20,!
-0.86584646,0.593586,0.482999,0.9506923,-0.5100609,0.88989586,0.0056271576,0.081709966,0.1409583,0.8259581,20,&
-0.3155563,0.30854353,-0.67114156,-0.24884284,-0.67249185,-0.78969604,0.98149234,0.29454523,0.9113574,0.36641547,20,%
0.97871673,-0.30031863,0.07996575,-0.7955893,-0.7042259,0.069937356,-0.824628,-0.46552256,0.45316735,-0.83499867,20,Z
-0.04739006,0.53354937,-0.19678982,0.85009235,-0.1052864,0.6387087,0.86042506,-0.7558781,0.5687646,0.90662605,20,Q
1.0060376,0.51396096,-0.009590351,0.009939136,1.099423,0.084864,-0.6817417,-0.6788933,-0.54900074,0.08465994,20,/
0.0,0.0,0.0,0.0,0.0,0.0,0.0,0.0,0.0,0.0,20,~
-0.7337316,-0.403134,-0.46786642,-0.9227472,-0.6589663,-0.18168053,-0.7299765,-0.6852282,-0.8344173,0.23887205,21, 
-0.6014845,-0.44567755,-0.10616042,1.2353309,0.31751582,0.12894033,-0.6525997,-0.69964296,0.6740907,0.4449134,21,e
0.6501477,0.956094,-0.44679368,0.44617504,0.13683723,0.51825523,-1.2503017,-0.39235646,0.20036823,-0.3693015,21,t
-0.8590627,-0.29240692,1.5127461,-0.007840966,0.08018375,-0.9169767,0.038921013,-0.13211617,-0.106368914,0.09021351,21,a
-0.08823179,0.09872101,0.06770395,0.105139546,1.3877989,-0.55008507,0.7062478,-0.199032,-0.74807215,0.6718681,21,o
-0.23539044,-0.667552,0.6151434,-0.15549241,0.30117655,1.5212629,-0.37300164,0.57092106,-0.38700268,-0.27350876,21,n
0.10216053,-0.61030525,-0.8484292,-0.18208802,0.633603,-1.4204868,-0.23078474,-0.18469736,0.26657188,0.24602015,21,i
1.1391426,-0.14567095,-0.052521203,-0.033459038,-0.28962013,-0.71507335,-0.06293692,-0.16727673,0.47554913,-1.3463844,21,r
-0.8527844,0.08029356,-0.068319164,0.8754997,-0.9789604,0.09845894,0.08518355,0.049070522,0.8746202,-0.85743946,21,s
-0.4418563,0.62066466,-0.52348673,-0.12980999,-0.113918655,1.119571,0.66411406,0.78447974,0.092558175,-0.8114665,21,h
0.68091226,-0.55683416,0.2183089,0.7473189,0.7112138,0.22801709,0.63456315,0.18492731,-1.1249856,-0.565036,21,l
0.35375637,-0.17522757,0.25430676,-0.16848801,0.7232294,0.6316503,1.0354245,-0.18541662,0.8061153,-1.0357331,21,d
0.8437325,-1.0244955,-0.31305757,0.61693263,-1.1824964,0.04792816,-0.07134956,-0.1417242,-0.56206006,0.106321275,21,c
0.09823599,0.59590673,0.50325364,-0.5719463,0.24953847,-0.6445904,-0.42009705,-1.1005301,0.9244356,0.31529668,21,u
0.84282166,0.29105797,0.53157425,-1.0491763,-0.76190025,0.045151617,0.46886307,0.9158922,0.042016603,-0.42261943,21,m
0.25060952,0.035667736,0.030687332,0.052620046,-0.07491739,0.69380695,0.6323303,0.9500618,-0.8258448,1.167874,21,f
0.49649215,-0.23487076,-0.85583067,-0.0030246624,-0.8154909,-0.35524797,0.7378271,0.36205846,0.62377256,1.0246603,21,p
1.2110056,-0.122029215,-0.5715316,-0.117854334,0.29349345,0.7224186,0.4332956,0.5565515,0.51013166,0.9012659,21,g
-0.23084284,0.6364338,-0.13288821,-0.06201477,0.86577773,-0.15749425,0.30638236,1.3938942,0.41382435,0.19937119,21,y
-0.010593633,1.1729659,-0.34216976,0.69249946,0.5907531,0.7261368,-0.07904385,0.2114045,-0.8193289,-0.5866139,21,w
-0.29525575,1.1697445,-0.49213147,-0.21446016,-0.60460943,0.05267396,0.93431515,0.54851854,0.15559456,0.8278967,21,b
-0.22687687,0.7025237,0.6855221,1.0309285,0.7007836,0.65182847,-0.23463373,0.6939806,0.57932997,-0.09111103,21,.
-0.0038685545,0.10102182,1.0522215,0.9206857,0.81634706,-0.15786618,0.11401862,0.084981255,0.77061427,0.7053086,21,","
0.76498437,1.1008854,-0.38243935,-0.56651556,-0.36739883,0.25442225,0.6077738,-0.5777154,-0.30528656,-0.7260679,21,v
0.03315168,1.3425875,1.0210696,0.061737794,-0.5607273,-0.15521523,0.5789767,0.042317178,0.40569764,-0.53694516,21,k
-0.6689845,0.63191146,0.25811818,-0.5484085,0.44680768,0.15005563,-1.3232183,0.80855596,0.31200257,0.11629634,21,'
0.9018169,0.48912653,-0.104715474,0.14997916,-0.5755822,0.44422168,-1.031146,-0.60903853,0.11706922,0.46383664,21,T
-0.7592743,-0.59766936,-0.33759704,-0.676888,-0.68617475,-0.27278066,-0.3328019,0.09087011,-0.1251973,1.238164,21,-
-0.10461607,-1.4743475,0.43125418,-0.5855006,-0.5790652,0.19599797,-0.12159609,-0.37762964,0.61662936,-0.4486343,21,S
0.1316547,-0.64164716,-0.14255916,-1.1542886,-1.0310568,-0.49071184,0.9016721,-0.16789585,0.20802362,0.099225864,21,M
0.13018148,0.38323522,-0.7198017,-0.38672486,0.885436,-0.069394454,-0.37017256,0.5662935,-0.8779814,1.071533,21,`
0.40232658,-0.21281616,-0.12110809,0.509882,-1.197061,-0.17939222,0.15659331,-1.1557155,-0.82585007,0.07301392,21,C
-0.5439397,-1.235132,0.9249908,0.044877328,0.062189437,0.2145794,0.06760077,-0.8366985,0.29361764,0.46055558,21,A
-0.9589559,-0.09455149,-0.1586622,0.35524192,0.43714803,0.5024138,-0.41010055,-0.37701082,-0.42064577,1.3609532,21,1
-0.53529525,-0.23975033,0.4370218,-0.77739346,0.5803909,-0.03934961,-0.70289946,0.794537,0.36360767,1.1148144,21,0
-0.46682578,0.95313674,-1.0138861,0.18282622,-0.29749048,-0.4090094,0.43266857,-0.04727262,0.15682293,0.252136,21,B
-0.49257174,0.71171576,-0.14501779,0.1110059,-1.1173548,1.0327662,0.7859129,0.29640362,0.33920932,-0.1458135,21,H
0.2437168,-0.5650028,-1.6621811,0.2678584,-0.2931491,-0.5253297,0.548641,0.003479672,0.3126973,0.16147228,21,P
-0.7561163,-0.23838457,-0.6127402,0.69282526,-0.25814584,0.25938368,0.9421556,-0.6526526,0.9787477,-0.08760577,21,x
0.61898327,-0.019119814,0.5202954,1.1331694,0.81874776,-0.66933,-0.29208794,-0.17337115,-0.009541504,-0.2342405,21,I
-0.047243387,0.20931341,-1.2861037,0.14115995,-0.9214337,0.80234647,-0.33638677,0.47131398,-0.58680373,0.08156,21,W
1.5227411,-0.42735028,0.14873368,0.25519037,-0.45195755,-0.4967131,0.62599885,0.45334443,0.59925926,0.062365226,21,D
0.24587007,-0.9270463,-0.21332207,0.009124011,-0.14014542,-0.5280584,0.7673846,0.19461367,0.960358,-1.0817819,21,R
0.74383366,0.34738737,0.17991056,0.7227442,-0.42327392,-0.25960797,0.02287231,0.58825237,-0.65680444,1.0035939,21,F
-0.16118366,0.41826016,-0.120685205,-0.50336057,-0.8406845,-0.12992801,0.80321586,-0.809083,0.3071058,-1.0584197,21,L
0.7390169,0.20534953,-0.6855365,1.1174601,0.17703483,-0.4185847,1.0374895,-0.089363016,0.07120384,0.44183293,21,G
-0.323736,-0.13194709,-1.3421055,-0.84702265,0.22984622,0.027551426,0.09422697,-0.5130531,0.9229468,-0.35243565,21,J
-1.2353189,0.23415077,0.29546487,0.12169764,0.0393395,0.3417958,-0.43795013,-0.0290804,-0.36370993,0.8709727,21,2
-0.81352353,-0.8557067,0.30161062,-0.42261294,-0.5014259,1.1570624,0.28460395,-0.10953901,-0.5091037,-0.25905004,21,N
-0.8476251,-0.18635209,0.19716926,-0.2723598,0.45282024,0.24443692,-0.71772105,0.28063318,0.039380096,1.1229464,21,5
0.70717824,-0.14291894,0.037732854,-1.3360716,0.56023425,0.14806245,1.0200819,0.09352694,-0.09033246,0.37200192,21,j
-0.8562087,-0.50708437,0.36176947,0.9470437,-0.09368497,0.22553639,-1.0055451,0.38450852,-0.6551173,0.41627166,21,9
-1.123022,-0.19656678,-0.5852295,0.61109567,-0.6118835,-0.17696197,-0.34356758,-0.574678,0.65270007,0.45548567,21,E
0.09177813,0.8100319,0.38321492,0.076054096,-0.40012208,-0.43529797,-1.2648526,-0.806754,0.29376042,0.18209027,21,O
0.11086578,0.3247281,-0.28468922,0.3715324,0.24177183,0.8583446,0.803507,-0.7143658,0.48946562,1.14835,21,q
0.75863004,0.28219554,-0.6339474,1.3107367,-0.67143613,-0.29625976,-0.20106098,0.14381596,0.57759416,-0.20428285,21,K
-1.3801342,-0.061421387,0.20861946,0.024886489,0.318119,0.4345514,-0.31447786,-0.050559275,-0.10027153,0.89180946,21,3
-1.5370162,-0.14754495,0.30377638,0.42013568,0.056421597,-0.030493485,-0.3525289,0.3833417,-0.3756808,0.95179725,21,6
-0.5726992,0.75133437,-0.28075007,0.3754189,-0.30836895,0.29018688,1.1578135,-0.09798966,0.23780967,-0.9148166,21,z
-0.46756586,-0.51559013,0.7247364,0.04298424,0.9538937,0.5199165,0.30253527,1.0890667,0.5525645,0.474668,21,;
-1.3772284,-0.12222576,0.010311518,-0.19709475,0.36623648,0.35379174,-0.5163241,0.059319157,0.07398585,1.0413786,21,4
0.30766147,-0.34730256,0.0590974,-0.48528042,0.07280411,-0.6243228,-0.15381455,-1.4997177,-0.3958003,-0.7702886,21,U
-1.1918244,0.097847596,-0.16744998,0.33928362,0.15513863,-0.08390293,-0.7076736,0.35046166,-0.16251995,1.0013195,21,7
-1.3706657,-0.13815384,0.063766286,0.105741166,0.23532437,0.21240343,-0.8136864,0.37729007,0.0029706135,1.053571,21,8
-0.13297623,-0.38621745,0.47264943,-0.55526114,0.536295,0.39496958,-1.0727183,-0.5648139,-1.0873729,0.4535506,21,$
-0.1660816,0.109897256,0.4443551,1.2641152,0.7317316,0.6614453,-0.71881807,-0.18163587,0.65577203,0.18821321,21,:
-0.4815342,0.4442397,0.39243516,0.29168525,-0.06734124,-0.14936781,-0.100914195,0.5256213,0.6104233,1.4848908,21,)
-0.5406093,0.24289034,1.2785447,0.99727345,-0.16380875,-0.20642486,0.24034457,0.6956974,0.4813613,0.39205906,21,(
-0.2723671,-0.78338957,-0.09297914,0.2916514,-0.8916323,0.90869486,-0.5377301,0.3963713,-0.748953,-0.7337711,21,Y
0.15361533,0.39231655,0.30441508,1.279337,-0.6573616,-0.26958323,1.0595323,0.1389695,-0.2286707,0.21408617,21,V
-0.8121793,0.4579863,0.34751254,0.91725564,1.0286883,0.6262502,-0.48727936,0.54964685,-0.11008584,0.257039,21,?
0.007523047,0.22675309,0.0247261,1.4679132,0.45664468,0.6996088,-0.26937246,0.747929,-0.1724278,0.6583908,21,!
-0.846552,0.517846,0.66929585,0.8412663,-0.37439442,0.7660826,0.08368031,0.32359505,0.05465907,1.0088317,21,&
-0.24253589,0.1384713,-0.83670413,-0.29552358,-0.607872,-0.90422475,0.6650368,0.24974966,1.0697999,0.46185637,21,%
0.82812023,0.071600705,-0.18445466,-0.79754096,-0.4325356,0.2733088,-0.8841965,-0.46573618,0.38416824,-0.84075105,21,Z
0.17576522,0.5078738,-0.1394738,0.67115957,-0.108805135,0.560871,0.9314486,-0.85580343,0.65540195,0.9409039,21,Q
0.8826052,0.9200785,-0.14326781,-0.068099976,1.1956693,-0.01707504,-0.7462257,-0.47756317,-0.27553335,0.048334833,21,/
0.0,0.0,0.0,0.0,0.0,0.0,0.0,0.0,0.0,0.0,21,~
-0.7745124,-0.41825765,-0.5245752,-0.92437,-0.6687054,-0.129398,-0.6358803,-0.65063053,-0.84013647,0.23262331,22, 
-0.5889241,-0.45380175,-0.14846317,1.2424757,0.30224591,0.16977519,-0.63476056,-0.72020787,0.72987956,0.44184238,22,e
0.58172894,0.90442127,-0.4773473,0.44915682,0.08198856,0.4791088,-1.2693017,-0.36221004,0.14987627,-0.41870043,22,t
-0.7862541,-0.32580608,1.5373669,-0.009684742,0.12144601,-0.9086438,0.070362166,-0.120823264,-0.055477586,0.12624042,22,a
-0.09766815,0.19323395,0.08008042,0.15698737,1.4057273,-0.56638664,0.68260807,-0.17687804,-0.7282083,0.6687833,22,o
-0.24240415,-0.6935775,0.6155731,-0.1413738,0.3096884,1.5030631,-0.34694052,0.56727415,-0.34568563,-0.2364242,22,n
0.09404953,-0.6587061,-0.83386445,-0.25440365,0.61172247,-1.4753121,-0.24848516,-0.16550751,0.26799354,0.2924059,22,i
1.1372612,-0.20795174,0.049927894,-0.034958515,-0.2838346,-0.7291211,-0.06017475,-0.20214686,0.43511677,-1.3363198,22,r
-0.79744333,0.05704087,-0.033627592,0.90864074,-0.89981323,0.09863687,0.052944962,0.104803026,0.9198786,-0.8009084,22,s
-0.38496616,0.6870395,-0.5907097,-0.11855441,-0.04600897,1.1650305,0.5881089,0.75317705,0.09817316,-0.75734526,22,h
0.6990258,-0.56407046,0.17513022,0.7359346,0.6725838,0.25326547,0.63639164,0.2215897,-1.043535,-0.57388926,22,l
0.3343356,-0.15457477,0.25346565,-0.16218202,0.6606093,0.6556711,1.014621,-0.071631216,0.7907192,-1.0890352,22,d
0.92234665,-1.0152175,-0.2630855,0.6310324,-1.1364951,0.051664885,-0.16499828,-0.15744843,-0.5388428,0.120571695,22,c
0.22700584,0.5768068,0.5463926,-0.58928865,0.30448446,-0.66096777,-0.41804352,-1.1554112,0.8928287,0.36536002,22,u
0.8449629,0.27358773,0.5318605,-1.0790998,-0.809838,0.072226636,0.5189503,0.8278565,0.035709042,-0.35368466,22,m
0.29354733,0.015457167,-0.06553249,0.02466048,0.05819296,0.6547778,0.5664663,1.024385,-0.8128332,1.2000202,22,f
0.42136994,-0.13044278,-0.90796363,0.03981994,-0.77827054,-0.28531867,0.73162967,0.23601489,0.61790687,1.1487134,22,p
1.1947144,-0.26805446,-0.5623486,-0.14215557,0.3003677,0.73311687,0.40567687,0.48344427,0.47063383,0.89761186,22,g
-0.31977794,0.61379063,-0.13739847,-0.083031006,0.79113007,-0.19584256,0.27617082,1.4873828,0.44534656,0.27836034,22,y
0.041432135,1.2050648,-0.3198878,0.71018755,0.6354158,0.65097463,-0.008477225,0.18769975,-0.83811665,-0.61167324,22,w
-0.2173322,1.1172653,-0.5174518,-0.16801755,-0.5655784,0.09105346,0.9042913,0.5226384,0.21378776,0.7317017,22,b
-0.14955181,0.67731005,0.7247712,0.98456645,0.8724305,0.6937201,-0.027809503,0.64559907,0.580889,-0.15781768,22,.
-0.040311366,0.14590397,1.1316056,0.98353297,0.65616256,-0.16578102,0.1988082,0.10900962,0.90207976,0.6264226,22,","
0.80919594,1.0554775,-0.46748847,-0.62963563,-0.34376118,0.3341199,0.6457391,-0.5936945,-0.24765,-0.7362407,22,v
-0.08429649,1.3572617,1.0048809,0.006057284,-0.4375582,-0.06922188,0.6131178,0.16068566,0.43186107,-0.51970094,22,k
-0.63943017,0.657447,0.23597065,-0.58730286,0.4246161,0.2628299,-1.335807,0.7655319,0.2680642,0.25812554,22,'
0.87788063,0.503139,-0.2155424,0.21427836,-0.56217337,0.50488245,-1.0472708,-0.7153493,0.118925065,0.404013,22,T
-0.7104984,-0.7136347,-0.29392403,-0.7828472,-0.64855826,-0.2755247,-0.363977,0.053340588,-0.22362748,1.1944542,22,-
-0.0782069,-1.2791325,0.4568464,-0.7208574,-0.7902062,0.17605367,-0.067016535,-0.34940127,0.5275489,-0.4002513,22,S
0.22546585,-0.6486266,-0.3263067,-1.1605072,-1.072886,-0.3659149,0.81590414,-0.08534334,0.12355138,0.17314987,22,M
0.1124436,0.58091384,-0.71086836,-0.30346373,1.0064119,0.062284708,-0.47076702,0.61117035,-0.7609403,0.9265002,22,`
0.46200022,-0.21803911,-0.049596958,0.33210492,-1.2117984,-0.09497642,0.12382854,-1.1431968,-0.8250735,0.114662796,22,C
-0.5267105,-1.1472212,0.97526807,0.013711156,0.10827505,0.28021783,0.028220676,-0.85367334,0.26923832,0.4613305,22,A
-0.92913634,-0.03666856,-0.14802209,0.33325854,0.44619402,0.48850814,-0.24416365,-0.19697338,-0.35181683,1.3698641,22,1
-0.5172315,-0.15535599,0.3684931,-0.82323843,0.7044743,-0.077171855,-0.6295346,0.6978613,0.2823273,1.0923071,22,0
-0.5220732,1.0360774,-0.8925727,0.3097453,-0.2805955,-0.36082765,0.48964748,-0.13322154,0.1780808,0.23048912,22,B
-0.49293196,0.6529256,0.039814204,0.12212881,-1.0470086,1.0457245,0.90218514,0.32255778,0.39844093,-0.21840839,22,H
0.24900606,-0.39514968,-1.5888153,0.4121099,-0.25547254,-0.497573,0.53020304,-0.008120085,0.3703024,0.055423837,22,P
-0.68050456,-0.1691972,-0.6705775,0.63525856,-0.2505894,0.3166149,1.0483475,-0.6633914,0.9145515,-0.14821267,22,x
0.7041573,-0.00016131275,0.58720636,1.1301651,0.7476042,-0.7328248,-0.31529117,-0.15111004,-0.07227554,-0.21908326,22,I
-0.24991253,0.23995547,-1.3027678,0.1357532,-0.8652675,0.78649414,-0.27049938,0.5644232,-0.5642806,0.28629002,22,W
1.4576634,-0.47929147,0.19279703,0.15993206,-0.50982976,-0.5196233,0.7217896,0.4547464,0.5434973,0.047103953,22,D
0.31221288,-1.0505571,-0.24675241,0.018712435,-0.046822358,-0.4414603,0.71464336,0.33177742,0.92295164,-1.0316179,22,R
0.6621563,0.47043878,0.19840823,0.63238597,-0.2875274,-0.27731606,-0.0073431944,0.5902512,-0.7219215,1.025519,22,F
-0.13575466,0.45116264,-0.24137945,-0.4697634,-0.86811185,-0.2629269,0.9426016,-0.7786686,0.19317454,-1.0455055,22,L
0.85825104,0.10156805,-0.6016578,1.2352517,0.100443676,-0.40699747,1.0144162,-0.018695718,-0.0956753,0.3885496,22,G
-0.36408615,-0.16447791,-1.4163043,-0.8307527,0.23879048,0.14990142,0.013551117,-0.46868703,0.8739573,-0.24027623,22,J
-1.322454,0.18455552,0.3401791,0.11641388,0.09380268,0.21658438,-0.46125287,-0.056323197,-0.38607153,0.8534312,22,2
-0.93799,-0.8593604,0.28022265,-0.35152677,-0.49066663,1.1736411,0.2971026,-0.0904556,-0.6675056,-0.13919392,22,N
-0.74422336,-0.26218593,0.32370105,-0.27273408,0.6455629,0.059413183,-0.7538831,0.16892731,0.04193989,1.1875161,22,5
0.60125804,-0.19970351,-0.017285142,-1.3006346,0.5986332,0.16428827,1.0522152,0.0042046146,-0.11451216,0.5451542,22,j
-0.8984818,-0.4596584,0.12922576,0.8224667,-0.08408731,0.17587599,-1.0287234,0.39883262,-0.68786097,0.31972736,22,9
-1.1621727,-0.17530204,-0.5121901,0.5556045,-0.63673335,-0.13484272,-0.4086966,-0.59437704,0.75248706,0.5328988,22,E
0.1323299,0.8405467,0.34342963,0.09896337,-0.31836513,-0.48124325,-1.2557585,-0.64982116,0.2076832,0.122582994,22,O
-0.010036251,0.2623142,-0.50808394,0.34270507,0.27194965,0.7470937,0.91499853,-0.738241,0.4663944,1.0917959,22,q
0.71335816,0.26817575,-0.7950978,1.2914928,-0.79642624,-0.35154533,-0.2053664,0.16573422,0.4970704,-0.21086915,22,K
-1.5002427,0.09179015,0.30136943,-0.06878344,0.3109782,0.28188032,-0.34467292,-0.12617797,-0.18439348,0.88468224,22,3
-1.2868367,-0.13139199,0.29213905,0.5280669,-0.025410889,-0.10429008,-0.4192757,0.21261086,-0.4022583,1.0346738,22,6
-0.47526196,0.758361,-0.374985,0.26733902,-0.22934772,0.17228292,1.1333976,-0.10535527,0.3477812,-0.9534846,22,z
-0.50369805,-0.73921615,0.58012086,0.15066476,0.9373061,0.5007276,0.47850543,1.0314599,0.47658056,0.43741333,22,;
-1.4286593,-0.27458224,0.029912733,-0.35121754,0.34095702,0.45900625,-0.30128628,0.086893335,0.0062330477,0.9072943,22,4
0.23478194,-0.33802527,0.13068552,-0.6342793,0.043623354,-0.6846064,-0.11270824,-1.5102904,-0.4518208,-0.6654445,22,U
-1.3485254,0.0016634855,0.010009838,0.30964062,0.066765636,0.0019040087,-0.58428365,0.3104257,-0.28790528,1.0169398,22,7
-1.336405,-0.14513871,0.21408388,0.070432805,0.10729514,0.42036894,-0.84874487,0.4531036,0.049019825,0.8557135,22,8
-0.121625766,-0.52669674,0.33258623,-0.6565662,0.5155066,0.21949333,-1.0606939,-0.56338036,-1.0732684,0.5077466,22,$
-0.16544682,0.26200455,0.59943295,1.2888052,0.6090555,0.791654,-0.6304755,0.013268185,0.69421285,0.0798156,22,:
-0.60697114,0.46317944,0.5030847,0.329017,0.06467905,-0.0894448,-0.06168352,0.6963136,0.6937072,1.2823529,22,)
-0.5242565,0.18291025,1.403337,0.84414226,-0.16414888,-0.30683267,0.29402313,0.69156206,0.36490336,0.33891523,22,(
-0.24997628,-0.6776674,-0.15867524,0.17976023,-0.8836348,0.82542527,-0.69286305,0.376637,-0.775906,-0.8571491,22,Y
0.25590333,0.5614015,0.11671544,0.9855012,-0.67585564,-0.012392642,1.2202147,0.35858026,-0.43037388,0.21198839,22,V
-0.6206719,0.37326425,0.3515277,0.8178893,1.1160034,0.62655896,-0.4827442,0.6065039,-0.13293803,0.24844424,22,?
0.06273479,0.39071667,0.1671963,1.3933837,0.61931175,0.57705265,-0.24459729,0.8619429,-0.2461572,0.54224324,22,!
-0.80109155,0.33322605,0.66943884,0.89426774,-0.4975122,0.87360466,0.00052791095,0.2625161,0.10402429,0.95336723,22,&
-0.29883233,0.15497291,-0.86938524,-0.23474556,-0.46188027,-0.95169425,0.6203353,0.2815285,0.99062896,0.67734486,22,%
0.7336542,-0.33262303,0.045772072,-0.64500445,-0.6534359,0.15330364,-0.9167047,-0.5170771,0.44409716,-0.6837132,22,Z
0.1339639,0.6162042,-0.21647054,0.6869406,-0.161672,0.666646,0.92040414,-0.6370036,0.6176076,0.9892862,22,Q
0.6942349,0.6930052,0.20113425,-0.07424928,1.3502526,-0.14564213,-0.8274712,-0.60905164,-0.17152077,-0.08363652,22,/
0.0,0.0,0.0,0.0,0.0,0.0,0.0,0.0,0.0,0.0,22,~
-0.75447196,-0.40315214,-0.45570937,-0.89299655,-0.6561393,-0.092683285,-0.6871925,-0.7150012,-0.88412595,0.24264741,23, 
-0.57887393,-0.46687913,-0.16162154,1.2502542,0.31940693,0.1475115,-0.5934012,-0.74008095,0.70230335,0.46045512,23,e
0.668921,0.90130794,-0.47614485,0.42941654,0.117589645,0.5334182,-1.315989,-0.3838758,0.15993252,-0.35313135,23,t
-0.84970874,-0.30101538,1.5230663,0.04935633,0.08575869,-0.90985245,0.08163002,-0.085900515,-0.10870371,0.06459653,23,a
-0.10920848,0.119815916,0.10227985,0.10601355,1.4053756,-0.57085055,0.67589027,-0.17701387,-0.76229256,0.70544934,23,o
-0.23612311,-0.72946256,0.6247695,-0.13805826,0.33262807,1.4330477,-0.35494435,0.6071994,-0.3423413,-0.24712077,23,n
0.12372055,-0.61978614,-0.8833506,-0.24059415,0.55963874,-1.502134,-0.2864048,-0.18119031,0.22238453,0.16867015,23,i
1.115326,-0.14664826,0.019569216,-0.03040774,-0.2457174,-0.7727347,-0.07548047,-0.12499754,0.45717826,-1.335873,23,r
-0.8257911,0.093179464,-0.034501232,0.89195406,-0.92137223,0.19858664,0.06784362,0.093744256,0.9412057,-0.7832683,23,s
-0.37729266,0.665165,-0.64481604,-0.037220735,-0.040049333,1.1449984,0.6127405,0.7373049,0.13738108,-0.72595394,23,h
0.63467884,-0.53953713,0.18981896,0.80990624,0.69647956,0.29534444,0.6551648,0.22107099,-1.0848751,-0.6088151,23,l
0.34740058,-0.19203131,0.2591919,-0.14651603,0.62982595,0.6456452,1.0055375,-0.20156102,0.8327148,-1.0884445,23,d
0.9112019,-0.95313144,-0.262482,0.5492563,-1.0716497,-0.012448572,-0.15410128,-0.1668584,-0.5240786,0.06755776,23,c
0.16762623,0.5642503,0.468705,-0.54422164,0.22358748,-0.6199589,-0.443585,-1.1986089,0.9014275,0.28310508,23,u
0.7664845,0.28658462,0.5895643,-1.0897306,-0.7729513,0.012027456,0.4396771,0.8672517,-0.010649502,-0.32728365,23,m
0.30796516,-0.018885806,0.021830626,-0.004483861,0.021220246,0.61736333,0.5420606,0.9898674,-0.83556056,1.1400111,23,f
0.48541495,-0.20023566,-0.87449133,-0.053933773,-0.8790423,-0.23432824,0.76650435,0.23656738,0.57797724,1.0730599,23,p
1.1217507,-0.15998703,-0.6555745,-0.23649563,0.2921174,0.6575966,0.4680048,0.57805496,0.47448918,0.8665631,23,g
-0.23280959,0.65325046,-0.23115598,-0.05957493,0.86153436,-0.18625295,0.37133044,1.52733,0.34862652,0.29387876,23,y
-0.030110259,1.1672924,-0.22983477,0.71502936,0.6874718,0.6932576,0.013975663,0.19956492,-0.80731404,-0.6412209,23,w
-0.26151514,1.1804391,-0.51873285,-0.22016105,-0.52749413,0.08799262,1.0006868,0.55269784,0.14389104,0.71928304,23,b
-0.23105782,0.7214677,0.76464385,0.939608,0.73100674,0.6843652,0.025684815,0.6458599,0.54725635,-0.0665178,23,.
-0.06358693,0.17409338,1.1146524,0.9088054,0.6239328,-0.21223354,0.262508,0.14343132,0.9468184,0.6096185,23,","
0.8394569,1.0944707,-0.4090187,-0.5647148,-0.38761294,0.35716322,0.5677692,-0.66856164,-0.28973126,-0.6571252,23,v
-0.04349743,1.3110791,1.0171906,-0.1307936,-0.54158926,-0.18583581,0.49648434,0.057084844,0.4900035,-0.46800175,23,k
-0.6600463,0.6506913,0.26703134,-0.6136563,0.3773182,0.23384911,-1.3274325,0.7445619,0.34192678,0.2502842,23,'
0.9371972,0.6097551,-0.1782756,0.26056278,-0.4596244,0.49899837,-0.9135232,-0.69847167,0.23110552,0.5054258,23,T
-0.84141237,-0.7022875,-0.26349947,-0.7407931,-0.6882915,-0.17733482,-0.37387058,0.10888508,-0.2674902,1.2050859,23,-
-0.119488314,-1.3171219,0.54915804,-0.7389841,-0.7563118,0.29957867,-0.1018513,-0.44621474,0.3648341,-0.4103704,23,S
0.15615423,-0.640476,-0.25214055,-1.2569205,-1.078217,-0.36574483,0.74517715,-0.137626,0.13236187,0.18415037,23,M
0.050931364,0.36081177,-0.8333058,-0.2468294,0.9578362,-0.059803024,-0.47792128,0.5624578,-0.7715015,0.8931564,23,`
0.44020924,-0.23676535,-0.11122264,0.3404062,-1.1472436,-0.12110521,0.13504452,-1.1126524,-0.7770331,0.10716973,23,C
-0.6530012,-1.1522443,0.8740806,0.06462264,0.0818634,0.21038795,0.035544135,-0.78515196,0.2940408,0.48413312,23,A
-1.0170901,-0.13183711,-0.22100465,0.3766388,0.4457639,0.68747854,-0.16975753,-0.25664157,-0.3896003,1.3507642,23,1
-0.5675119,-0.20858894,0.406899,-0.79547995,0.61765474,-0.074283265,-0.70384413,0.6154695,0.4095687,1.1068274,23,0
-0.48753056,1.0993341,-0.9272606,0.18390681,-0.40475902,-0.42286497,0.42480895,-0.04025522,0.21504371,0.33327934,23,B
-0.3581074,0.7265254,-0.07736026,0.16975911,-1.140092,0.9753608,0.83511245,0.33348945,0.39792055,-0.2754658,23,H
0.26255414,-0.49860185,-1.6520603,0.2873613,-0.24361093,-0.4201257,0.59533596,0.07773457,0.33985052,0.17653386,23,P
-0.73158085,-0.27295327,-0.6072806,0.6261172,-0.30244902,0.31944266,1.0109922,-0.6554642,0.93425304,-0.18229261,23,x
0.743878,-0.08717398,0.51542646,1.1526259,0.7899521,-0.8122806,-0.36086825,-0.12611581,0.09754366,-0.13930154,23,I
-0.1140382,0.19073527,-1.2480646,0.20947586,-0.8857994,0.7590162,-0.30740315,0.53475046,-0.53380764,0.1942396,23,W
1.3908845,-0.5645777,0.15589921,0.15029582,-0.50149435,-0.3516916,0.6435373,0.5612133,0.64707714,-0.042080764,23,D
0.2918738,-0.96522987,-0.13977097,-0.024053887,-0.12049627,-0.41114828,0.6646657,0.31800956,1.0429884,-1.0617486,23,R
0.79703087,0.40334362,0.288477,0.75513136,-0.3612201,-0.19868635,0.043618236,0.6479308,-0.58032274,0.9192491,23,F
-0.24004918,0.47932574,-0.102096975,-0.5035513,-0.929993,-0.28804535,0.92838776,-0.79544604,0.15741207,-0.9906365,23,L
0.7238025,0.14533484,-0.68152416,1.136181,0.054530483,-0.43829548,1.0459269,-0.1054491,-0.07023099,0.5014196,23,G
-0.23007569,-0.0713018,-1.4161296,-0.8609518,0.22196984,0.064861305,0.015130049,-0.49114653,0.81144744,-0.3356491,23,J
-1.3443105,0.19746707,0.37851638,0.014815026,-0.011197582,0.15587129,-0.44034845,-0.106157415,-0.43406624,0.8727958,23,2
-1.0126508,-0.8092927,0.30404934,-0.3573124,-0.49144554,1.1118153,0.3962803,-0.18343605,-0.56149626,-0.17741881,23,N
-0.7587043,-0.33551425,0.41957894,-0.2510976,0.4223903,0.22478738,-0.65198046,0.3042559,-0.04246861,1.0472566,23,5
0.51229274,-0.23404422,0.20781541,-1.3162751,0.47272658,0.13993669,1.031196,-0.07133952,-0.2604868,0.41973177,23,j
-0.7129038,-0.60613406,0.12385727,0.8001133,-0.12323565,0.30718204,-1.0643687,0.46132937,-0.7942702,0.34093797,23,9
-1.1827399,-0.22168009,-0.5567167,0.5440202,-0.66368544,-0.112864,-0.46372497,-0.6326018,0.71957785,0.4316727,23,E
-0.0041223546,0.79388225,0.3929454,0.074297756,-0.42176926,-0.41159588,-1.2378794,-0.6293296,0.29365775,0.21823984,23,O
0.17570932,0.40924644,-0.30490276,0.25541535,0.29212508,0.8370152,0.88623106,-0.6480486,0.5003023,1.0695193,23,q
0.8694095,0.32759342,-0.6980898,1.2163131,-0.6852821,-0.4193257,-0.16252321,0.25579178,0.63038874,-0.18810423,23,K
-1.4202241,-0.10807708,0.2924684,-0.09046884,0.26765725,0.22934219,-0.23368028,-0.2410291,-0.21216328,0.9899318,23,3
-1.3217136,-0.0050104223,0.33430326,0.47361416,-0.00024599314,-0.24723879,-0.42098016,0.23037519,-0.43415153,1.023061,23,6
-0.60132563,0.5478623,-0.18276092,0.2808621,-0.21414852,0.46129844,1.2577044,-0.056923874,0.03172837,-1.0254211,23,z
-0.53139424,-0.7473467,0.7038433,-0.008448233,0.9704952,0.38723356,0.46409,0.9877809,0.4397322,0.34501052,23,;
-1.2708609,-0.20794576,0.034104817,-0.24305901,0.52882576,0.4155441,-0.56844974,0.05387335,-0.096321374,1.1067165,23,4
0.1601864,-0.350388,0.17232627,-0.7547753,-0.0803319,-0.6590883,-0.07792248,-1.5023336,-0.47666276,-0.55801743,23,U
-1.2961956,0.07675411,-0.15497178,0.26825827,0.0091888895,-0.012535015,-0.5655922,0.34257665,-0.27968234,1.2905341,23,7
-1.2842528,-0.28634718,0.29720148,0.0880125,0.31147277,0.2915615,-1.0072405,0.42258617,-0.1382536,0.8799836,23,8
-0.2246236,-0.39090803,0.3927961,-0.4676724,0.44529262,0.54254174,-1.0656849,-0.55444443,-1.1179056,0.4233105,23,$
-0.058405787,0.12190385,0.4538883,0.9962388,0.4354166,0.86182153,-0.67503965,0.042872917,0.6068811,0.13901143,23,:
-0.71707946,0.5709911,0.6388929,0.24743535,0.036934674,-0.0071459347,0.050392706,0.8072283,0.5447758,1.2938923,23,)
-0.62924844,-0.051269498,1.3396701,0.98174703,-0.12608223,-0.14950462,0.108258605,0.65854317,0.4593366,0.38501433,23,(
-0.29209915,-0.5711319,0.0035543148,0.14612298,-0.88927996,0.87385005,-0.50911176,0.3648624,-0.6287259,-0.93858033,23,Y
0.116590425,0.54132664,0.2107376,1.1359637,-0.68579894,-0.1352484,1.0255893,0.22069407,-0.3247399,0.27349988,23,V
-0.47022468,0.4205634,0.30099294,0.90875214,0.8974006,0.580083,-0.6278509,0.78496534,-0.18466277,0.23457457,23,?
0.09349339,0.37612006,0.28753743,1.2365606,0.68099093,0.6302926,-0.26238596,0.89896876,-0.30705956,0.5513047,23,!
-0.80878764,0.5156628,0.7401245,0.8698487,-0.40201676,0.726672,0.19819127,0.26997998,0.16031532,0.9736497,23,&
-0.26857716,-0.040726922,-0.71593076,-0.16976328,-0.65441155,-0.87950563,0.8283257,0.43038648,0.7767187,0.71276647,23,%
0.5750723,-0.5389663,0.06014035,-0.7127302,-0.45702305,0.33474293,-0.9939104,-0.42970756,0.22474267,-0.66266114,23,Z
0.1147939,0.40195757,-0.22616634,0.7025791,-0.0941563,0.47994527,0.8636163,-0.87134314,0.54477227,1.0282128,23,Q
0.5557304,0.46702623,0.10408671,-0.16332401,1.3424281,-0.273156,-0.7496251,-0.7966036,-0.3174314,-0.022086592,23,/
0.0,0.0,0.0,0.0,0.0,0.0,0.0,0.0,0.0,0.0,23,~
-0.7770453,-0.43371397,-0.48197207,-0.89171726,-0.6478146,-0.26936463,-0.69030976,-0.69568187,-0.82186407,0.22902606,24, 
-0.6174789,-0.48760322,-0.122461885,1.2562301,0.3543955,0.1479431,-0.6241579,-0.68980795,0.7147986,0.49041405,24,e
0.66000587,0.9547031,-0.4422955,0.42528763,0.119035475,0.5102559,-1.2695433,-0.39236388,0.15538727,-0.39847538,24,t
-0.84772944,-0.3437385,1.4797436,0.015307852,0.14936551,-0.9236548,0.064212106,-0.08918395,-0.14984848,0.10547112,24,a
-0.17571175,0.09928239,0.13132846,0.17895444,1.4284829,-0.5126037,0.7180427,-0.15709381,-0.72144306,0.73073757,24,o
-0.15605067,-0.6977461,0.63942677,-0.12234274,0.3323395,1.4352188,-0.34259292,0.6421229,-0.34090382,-0.20677012,24,n
0.08659307,-0.64449173,-0.8555598,-0.17177798,0.62084275,-1.4633828,-0.25438952,-0.22113779,0.23624173,0.2970811,24,i
1.0844721,-0.10324853,0.020801175,-0.017937042,-0.3097442,-0.76999635,-0.11274444,-0.1503981,0.4613983,-1.3090411,24,r
-0.8646243,0.095712245,-0.080687866,0.8201979,-1.0033544,0.11362573,0.05023316,0.0870951,0.9050392,-0.8442563,24,s
-0.40146992,0.7000377,-0.5958537,-0.14944507,-0.112530105,1.1194285,0.6478191,0.7925195,0.112311356,-0.80046445,24,h
0.6307535,-0.5866253,0.20472813,0.71480244,0.7251054,0.27921277,0.7312033,0.20589033,-1.0814689,-0.5848078,24,l
0.37960675,-0.23697908,0.2901039,-0.23616034,0.68681484,0.7069769,1.0125315,-0.13687134,0.8438647,-0.9553037,24,d
0.9635343,-0.9577685,-0.2939275,0.56921595,-1.1540474,-0.04040922,-0.20179513,-0.08126939,-0.56847215,0.043119367,24,c
0.106986664,0.51778954,0.55199057,-0.61448383,0.33007172,-0.7261975,-0.43800685,-1.1470526,0.87212235,0.3656184,24,u
0.7682952,0.2687705,0.5758695,-1.0947038,-0.75075525,0.032786753,0.45178774,0.9513773,0.030588532,-0.33795688,24,m
0.2588913,-0.035428304,0.03644446,-0.15081245,0.07616168,0.6120279,0.5949981,1.0618165,-0.8509369,1.1302578,24,f
0.47611976,-0.18514717,-0.9064169,-0.008258022,-0.7648535,-0.2604819,0.73258066,0.24639376,0.5822315,1.0514969,24,p
1.1246656,-0.13990282,-0.62263304,-0.10499966,0.227946,0.7568355,0.43800905,0.6089694,0.47971562,0.9393565,24,g
-0.35284522,0.66662675,-0.22011447,-0.09072818,0.84799445,-0.08225703,0.31098163,1.4481801,0.37717205,0.23285365,24,y
-0.016018465,1.1626078,-0.24082093,0.66334003,0.6676188,0.65586597,-0.054024257,0.21413626,-0.76735526,-0.66790015,24,w
-0.308941,1.1600349,-0.4864287,-0.09907157,-0.6641764,0.13480464,0.98740375,0.5667674,0.13314174,0.73431945,24,b
-0.28817078,0.7073947,0.71150196,1.072875,0.763007,0.6588101,-0.13797443,0.6030306,0.57171994,-0.1830236,24,.
0.07269908,0.16741638,1.0778241,0.9045011,0.6809681,-0.1199406,0.18350765,0.108910404,1.0049222,0.6520093,24,","
0.78874385,1.0449994,-0.42192534,-0.48920467,-0.30042064,0.31921715,0.5848393,-0.65117025,-0.31134906,-0.8437824,24,v
-0.12858707,1.3997159,1.0195866,-0.013654783,-0.44680467,-0.17441836,0.47251663,-0.048299707,0.4516786,-0.48062924,24,k
-0.6981698,0.59287745,0.20434034,-0.68714243,0.31977063,0.3809458,-1.259985,0.8026579,0.34746188,0.21727982,24,'
0.996313,0.625357,-0.12188774,0.2812256,-0.446953,0.48754036,-0.9813831,-0.7777363,0.17770667,0.5057994,24,T
-0.78426695,-0.6320327,-0.19116214,-0.74924564,-0.70756996,-0.2834592,-0.4059523,0.12739913,-0.17241979,1.2453747,24,-
-0.11148081,-1.3825109,0.6001862,-0.6027411,-0.68544924,0.260877,-0.08227546,-0.30419564,0.58882135,-0.3978046,24,S
0.14911011,-0.5934042,-0.2995565,-1.1876925,-1.0725814,-0.38147843,0.8602972,-0.09592588,0.19848658,0.11019673,24,M
0.06517467,0.3951328,-0.79731923,-0.3416076,0.95371884,-0.008319525,-0.49231923,0.44779408,-0.7737094,0.9556487,24,`
0.3076039,-0.21888798,-0.1534571,0.27883205,-1.2166001,-0.14243281,0.21903098,-1.1482514,-0.8384714,0.11694942,24,C
-0.49771458,-1.0798625,0.9661301,0.013861517,0.07996884,0.26229635,0.034445822,-0.84871376,0.31545606,0.5092652,24,A
-1.1212419,-0.06258098,-0.2023079,0.21025474,0.36337608,0.57955176,-0.36955255,-0.37383422,-0.43429017,1.2881697,24,1
-0.50284415,-0.26417837,0.45522508,-0.9082485,0.6137994,0.158204,-0.6193804,0.69018036,0.20487846,0.9613788,24,0
-0.4883559,1.1004448,-1.0094254,0.21919322,-0.34494892,-0.28178462,0.4319698,-0.018720003,0.021203455,0.22861135,24,B
-0.42651206,0.68926954,-0.10010187,0.03455941,-1.1167711,1.067521,0.6781333,0.33397913,0.27362984,-0.19345297,24,H
0.3252293,-0.44413978,-1.623485,0.38481563,-0.15593666,-0.54958636,0.48580858,0.0744341,0.45350558,0.1901765,24,P
-0.6524866,-0.17121623,-0.51390135,0.6784964,-0.33826724,0.4276945,0.9839271,-0.6601769,1.0140852,-0.26702845,24,x
0.79298455,0.0045437515,0.46131974,1.2078078,0.7090237,-0.73803675,-0.3665818,-0.17435852,-0.01783749,-0.18906297,24,I
-0.12790109,0.1489702,-1.2734354,0.059776492,-0.85955346,0.8446317,-0.44802052,0.5408877,-0.5465804,0.1888328,24,W
1.4550447,-0.34899545,0.18894555,0.25735077,-0.5060908,-0.58194226,0.7319352,0.4538149,0.5499227,0.044469304,24,D
0.36950243,-0.8910943,-0.35934946,0.08370285,-0.13807929,-0.48302385,0.85552675,0.20165963,0.8123075,-0.96652466,24,R
0.78721637,0.5349031,0.30921024,0.717283,-0.316328,-0.3668546,-0.035725057,0.5562984,-0.7398747,1.0216014,24,F
0.02941979,0.40744182,-0.19251284,-0.48565948,-0.8369962,-0.25005305,0.99093693,-0.7558534,0.13061208,-0.8484225,24,L
0.8690062,0.072661944,-0.65157425,1.1163578,0.036671605,-0.42521605,1.0905869,0.020440701,0.018258985,0.32298493,24,G
-0.2138554,-0.17335543,-1.3251017,-0.89626044,0.17820185,0.16709736,0.01940596,-0.5803179,0.9250245,-0.3354741,24,J
-1.4595963,0.31160867,0.1315268,0.024926228,-0.010549367,0.43396416,-0.4649489,-0.049301658,-0.40267584,0.9140347,24,2
-0.80211896,-0.885897,0.33310398,-0.3316235,-0.39504856,1.2421111,0.29528365,-0.12953964,-0.6114552,-0.15282944,24,N
-0.90954596,-0.22541071,0.30279964,-0.341753,0.31544918,0.17332922,-0.8096072,0.21692656,-0.022108577,1.1244308,24,5
0.46610963,-0.19361986,0.019321099,-1.4023197,0.49953878,0.111907005,1.0268656,0.013212719,-0.22492066,0.49860272,24,j
-0.79553014,-0.401566,0.11106266,0.8761462,0.05132888,0.28754815,-1.2462469,0.40923768,-0.6291688,0.27957922,24,9
-1.2255965,-0.29508114,-0.56025916,0.5259108,-0.6248375,-0.21383148,-0.5415712,-0.6016425,0.70762277,0.4424052,24,E
0.07709318,0.84955394,0.40252075,-0.061079554,-0.41210368,-0.47038957,-1.3127207,-0.6916608,0.3247311,0.0947075,24,O
0.11970435,0.3812191,-0.3720344,0.27754745,0.31156397,0.8183123,0.8517542,-0.7307924,0.5151778,1.1488004,24,q
0.67242396,0.27987462,-0.70251745,1.2143476,-0.80195016,-0.42101756,-0.29519486,0.17615657,0.7224339,-0.15314859,24,K
-1.4918462,-0.10685747,0.2701668,-0.20643672,0.14462684,0.2230993,-0.2850234,-0.20312789,-0.074008316,0.75675666,24,3
-1.2761577,-0.15083778,0.19607805,0.39172783,-0.13502863,-0.028138245,-0.35532898,0.48580456,-0.4094726,1.0079406,24,6
-0.49253604,0.7403086,-0.23124067,0.2539004,-0.26654944,0.4400081,1.319542,-0.092955306,0.0873547,-1.0340669,24,z
-0.49345133,-0.6025765,0.70705616,0.028009348,0.9046532,0.5051371,0.33735168,1.1637803,0.47044078,0.36003938,24,;
-1.3431833,-0.17819662,0.058542117,-0.21929234,0.4897386,0.3063457,-0.48924765,0.3016855,0.09306854,0.94510376,24,4
0.19825217,-0.37701607,0.17238624,-0.5973194,-0.03144985,-0.6360517,-0.117201,-1.549396,-0.45605838,-0.60739607,24,U
-1.2361845,-0.0011368445,0.08565109,0.38957262,-0.09291744,0.17656417,-0.5873208,0.35120136,-0.30337963,1.0041637,24,7
-1.2559817,0.034234576,0.159167,0.08369498,0.27733862,0.20284939,-0.71158415,0.465153,0.03920456,0.91576415,24,8
-0.08660124,-0.4757747,0.502293,-0.7037989,0.58991647,0.27667132,-0.96226066,-0.5140424,-1.0363104,0.5718446,24,$
0.08754436,0.28727803,0.48264223,1.2417156,0.67623055,0.7181912,-0.7323864,-0.03231469,0.6124484,-0.03507895,24,:
-0.8613715,0.5090895,0.5901981,0.25105095,-0.11323882,0.19934519,-0.27888438,0.7627552,0.44318613,1.1596822,24,)
-0.5455448,0.07772397,1.3730748,0.9185266,-0.21644445,-0.22960958,0.076945454,0.69111305,0.43616757,0.41373155,24,(
-0.34927705,-0.509592,-0.015039275,0.2060043,-1.0058515,0.9038151,-0.7430445,0.31492418,-0.6903265,-0.75400937,24,Y
0.25572583,0.47199088,0.19108674,1.0942614,-0.6277435,-0.22298872,1.2311183,0.19578765,-0.25086704,0.23371015,24,V
-0.54097027,0.36794382,0.36411467,1.0306841,1.1119576,0.47422248,-0.6139266,0.5932296,-0.27524054,0.22271883,24,?
0.20567651,0.25745916,0.3391166,1.1534233,0.57851774,0.86551213,-0.13837704,0.9298053,-0.20072976,0.38306257,24,!
-0.82907516,0.39943394,0.77804154,0.9014733,-0.33117315,0.80834556,0.27524933,0.22697556,0.20101087,0.8968279,24,&
-0.2978308,0.026588837,-0.9094677,-0.2280325,-0.5238005,-0.9606098,0.7078526,0.18409126,0.41575697,0.74583405,24,%
0.60827863,-0.5032336,0.104133554,-0.37082672,-0.1950938,0.3710576,-0.9931398,-0.33692238,0.47861737,-0.7806467,24,Z
-0.09730755,0.7479088,-0.2654032,0.68152255,-0.011153116,0.6100821,0.7164547,-0.92485446,0.4323157,0.9840562,24,Q
0.21634835,0.38180023,-0.055852387,-0.34445852,1.4619325,-0.097077385,-0.8500518,-0.87123513,-0.22394136,0.084804125,24,/
0.0,0.0,0.0,0.0,0.0,0.0,0.0,0.0,0.0,0.0,24,~
-0.75741273,-0.4195774,-0.52434057,-0.885284,-0.66956383,-0.19478655,-0.70534915,-0.6473015,-0.8575641,0.23114693,25, 
-0.59328574,-0.47956213,-0.13323613,1.2342287,0.2983947,0.14470161,-0.6519471,-0.66922104,0.6527462,0.45840055,25,e
0.6662985,0.9488013,-0.49430192,0.43854955,0.12383734,0.5701096,-1.2605331,-0.36708194,0.15957022,-0.3600634,25,t
-0.85242987,-0.34271696,1.514224,0.032139033,0.0970894,-0.8958973,0.05583295,-0.080008455,-0.08582566,0.0375082,25,a
-0.104709096,0.15031639,0.095559105,0.09985655,1.4182535,-0.52255267,0.69860137,-0.16911411,-0.78874946,0.7239226,25,o
-0.2582927,-0.7632265,0.61971337,-0.13241693,0.25727472,1.4456381,-0.37144732,0.6034512,-0.31341428,-0.25919217,25,n
0.12155575,-0.58865345,-0.87946284,-0.18683416,0.62847006,-1.4402558,-0.22359361,-0.15641454,0.25523514,0.264151,25,i
1.1162759,-0.15192662,0.010569699,-0.08814792,-0.24212866,-0.7268671,-0.09115493,-0.12082159,0.46208838,-1.2917981,25,r
-0.7989094,0.10238845,-0.0044989376,0.88958305,-0.96536493,0.18517372,0.102107786,0.048987735,0.94241536,-0.83228034,25,s
-0.45451027,0.6437536,-0.62144977,-0.119202994,0.0023737429,1.0947303,0.63380295,0.81453663,0.13894369,-0.80797267,25,h
0.6947634,-0.5852202,0.17283174,0.7027488,0.67186,0.28560403,0.64981204,0.22724308,-1.1180097,-0.6279238,25,l
0.3109596,-0.14813724,0.28367022,-0.12663099,0.70496845,0.696795,0.97060776,-0.18652563,0.8311614,-1.0192314,25,d
0.9532618,-1.0189242,-0.3141684,0.60370195,-1.0748466,-0.0017460893,-0.12085816,-0.16622387,-0.5577497,0.10857308,25,c
0.16119842,0.52245796,0.46516073,-0.5535633,0.27755445,-0.67177045,-0.4350669,-1.2053269,0.87921524,0.29843047,25,u
0.8232282,0.24113683,0.47280014,-1.0659919,-0.8162667,0.018297415,0.48406643,0.891038,-0.021628115,-0.37449202,25,m
0.26887432,-0.013093425,0.023542484,0.03616981,0.025812767,0.60603863,0.5446107,1.0876651,-0.8468857,1.1219864,25,f
0.47730482,-0.15676998,-0.96061194,0.009316661,-0.7368619,-0.34032044,0.76887715,0.18364789,0.623033,1.0737264,25,p
1.109793,-0.0642673,-0.5458254,-0.12542741,0.33282256,0.6954245,0.41057798,0.49097422,0.5240245,0.8374346,25,g
-0.3227105,0.59881026,-0.17334338,-0.16765192,0.82254994,-0.13022277,0.2862282,1.4744114,0.3410198,0.3081894,25,y
0.018788993,1.1785183,-0.2649818,0.6702899,0.6841,0.7016855,0.019833438,0.20790473,-0.79442424,-0.6656345,25,w
-0.2437931,1.0772713,-0.42435604,-0.14763412,-0.7138027,0.017108541,1.0335219,0.56730336,0.2093971,0.69849825,25,b
-0.24169621,0.6124315,0.68175095,1.0172787,0.7906428,0.64411914,-0.024195313,0.7228515,0.6698676,-0.15030313,25,.
0.040236726,0.06339185,1.0231092,0.9198832,0.5417803,-0.16922858,0.06440389,0.13759191,0.93040955,0.57811224,25,","
0.74345076,1.1099232,-0.4573033,-0.5067846,-0.32597035,0.33916375,0.5601326,-0.7023694,-0.22784573,-0.7557307,25,v
-0.07230486,1.3328296,1.0293714,-0.113765195,-0.50366706,-0.112185016,0.514039,0.110172644,0.54982203,-0.5193981,25,k
-0.66651046,0.69301647,0.2937444,-0.59479517,0.5127586,0.21008486,-1.295476,0.752064,0.24206258,0.1609819,25,'
0.95052797,0.49472496,-0.1745146,0.37990454,-0.5480939,0.6449945,-0.99772656,-0.55253005,0.14452168,0.519176,25,T
-0.8189237,-0.6926096,-0.27015933,-0.7062664,-0.63454604,-0.23916678,-0.4252343,0.061422966,-0.2216965,1.2256517,25,-
-0.06964216,-1.4037057,0.3317838,-0.7203847,-0.81788737,0.09624972,-0.13537212,-0.45617467,0.5206491,-0.42383468,25,S
0.18982822,-0.6576037,-0.1473581,-1.1826885,-1.0192418,-0.30463642,0.79041857,-0.036497444,0.22107042,0.1414442,25,M
0.084018685,0.44351846,-0.98505425,-0.26041916,0.936743,-0.007839831,-0.46104738,0.37843898,-0.8957226,0.84996074,25,`
0.388778,-0.42070022,-0.23269026,0.37651405,-1.1117464,-0.1147644,0.20320955,-1.1397281,-0.82155925,0.13462982,25,C
-0.45320642,-1.159073,0.89724636,0.04233379,0.1341638,0.2522241,0.04114905,-0.78966564,0.3470703,0.5160045,25,A
-0.9387963,-0.020565705,-0.11267401,0.27349445,0.56416273,0.51941144,-0.30688813,-0.26470205,-0.36891714,1.440244,25,1
-0.44283056,-0.24520747,0.2804322,-0.8868986,0.6008056,0.045292176,-0.63408107,0.68262166,0.25900358,0.9966022,25,0
-0.4962375,0.97379297,-1.1479118,0.16670549,-0.43934095,-0.5053608,0.4411175,0.053879097,0.019643165,0.19162382,25,B
-0.47960976,0.64805675,-0.10112325,0.0701397,-0.9927264,1.0076545,0.84549,0.22262895,0.3367241,-0.13680942,25,H
0.32795066,-0.35222775,-1.5353248,0.36395755,-0.30974805,-0.49004903,0.51347435,0.19937196,0.5236867,0.21089233,25,P
-0.65084535,-0.21476686,-0.62260926,0.66267586,-0.34125644,0.28562188,1.0504872,-0.61637664,0.9988557,-0.101013444,25,x
0.71013093,-0.007525032,0.48491487,1.2243476,0.748626,-0.729098,-0.28712335,-0.24145642,0.015908409,-0.14066139,25,I
-0.14373231,0.12886107,-1.3250109,0.16194358,-0.8876975,0.6939994,-0.48695752,0.4377324,-0.56588286,0.32323778,25,W
1.5256848,-0.28668183,0.098005295,0.13648345,-0.38124827,-0.5107041,0.7016696,0.45967007,0.6148832,-0.022723988,25,D
0.39733723,-1.0215381,-0.16582151,0.11343854,-0.065536335,-0.4076147,0.82712054,0.2927803,0.8018694,-0.95706874,25,R
0.767158,0.5126907,0.24705753,0.7762457,-0.46948436,-0.14691961,-0.045396112,0.737246,-0.6963256,0.9970269,25,F
-0.1499202,0.39628664,-0.12341578,-0.48763114,-0.95826226,-0.18059829,0.848168,-0.83950037,0.14844444,-0.94538796,25,L
0.6933524,0.15451889,-0.5663699,1.0134288,0.07870211,-0.38889718,1.1457762,-0.09893849,0.006862404,0.31230134,25,G
-0.36843094,-0.07241612,-1.3664014,-0.7946462,0.25555384,0.20380878,0.06840865,-0.53824264,0.8799021,-0.33370954,25,J
-1.5938416,0.24186109,0.43742415,0.030169813,-0.035893373,0.3779848,-0.37800613,-0.13218608,-0.36814612,0.84075,25,2
-0.91329277,-0.61291283,0.33079094,-0.3284918,-0.37209752,1.2650393,0.34791884,-0.15260807,-0.555747,-0.19996317,25,N
-0.68992996,-0.24093577,0.33724886,-0.30586058,0.5283277,-0.023774125,-0.6108444,0.2366067,-0.0042540533,1.0561179,25,5
0.62620944,-0.24405244,0.015926741,-1.3006856,0.56178135,-0.0063594,1.0793234,0.09599583,-0.11827443,0.42888433,25,j
-0.82349986,-0.419581,0.21697257,0.9788987,0.014623893,0.27802274,-1.1643645,0.41929483,-0.6036716,0.35987386,25,9
-1.2647882,-0.18222998,-0.44148266,0.49550208,-0.4753481,-0.29824796,-0.2758394,-0.6680194,0.74900085,0.45591596,25,E
0.15693599,0.9108676,0.3254636,0.037110627,-0.35856906,-0.43912688,-1.2049882,-0.6243965,0.230151,0.22780068,25,O
0.07429242,0.30844676,-0.34453645,0.25541225,0.3304072,0.81635004,0.8958688,-0.58296555,0.5660567,1.2152997,25,q
0.72256535,0.355405,-0.6560184,1.253336,-0.8168576,-0.31015995,-0.30434477,0.16962138,0.58284366,-0.29029906,25,K
-1.40332,-0.12716877,0.2565858,-0.10578534,0.3088337,0.09328754,-0.51667076,-0.084748924,-0.052367758,0.7568242,25,3
-1.3576374,-0.089645244,0.3147016,0.49263233,-0.1288346,-0.096536234,-0.37346372,0.24189247,-0.4048319,0.982555,25,6
-0.46291474,0.6713002,-0.20998786,0.31041822,-0.15407342,0.29841596,1.2351346,-0.13235375,0.035755675,-1.0507987,25,z
-0.57225674,-0.544956,0.724882,0.009344402,0.81073755,0.5024896,0.37656012,1.187786,0.48948732,0.36862257,25,;
-1.267715,-0.10709229,0.14946932,-0.3244154,0.35203397,0.22839743,-0.52168757,0.21084067,0.16063593,1.0228863,25,4
0.42103106,-0.25259134,0.16039121,-0.5525308,0.14098594,-0.7764598,-0.07574319,-1.459299,-0.41488177,-0.60970575,25,U
-1.1252421,-0.067097254,0.109645054,0.29357094,0.057016242,0.03390679,-0.46394315,0.37106284,-0.38379627,0.87900025,25,7
-1.1446149,-0.239278,-0.05602601,0.05236605,0.31030717,0.4230198,-0.9447736,0.37097612,-0.16967343,0.9457261,25,8
-0.21822582,-0.5324923,0.5787099,-0.49663964,0.5389734,0.49512878,-1.0400219,-0.45730096,-0.92864794,0.4974891,25,$
-0.028905634,0.21907248,0.5681299,1.115646,0.6711349,0.636864,-0.71458834,-0.06917803,0.47265902,0.02380844,25,:
-0.76164097,0.55827683,0.5296535,0.30282673,0.01651615,0.26425815,-0.23994547,0.84775674,0.54544234,1.2288512,25,)
-0.4913538,-0.016637059,1.3919407,0.9702833,-0.24203345,-0.27465874,0.09357371,0.6978574,0.38010135,0.32417536,25,(
-0.35998532,-0.4601618,0.114657424,0.21130115,-0.9903906,0.99024636,-0.6910705,0.30740923,-0.6560896,-0.7956964,25,Y
0.23127036,0.54965466,0.13057874,1.2501312,-0.6679471,-0.2112138,1.2097126,0.19672886,-0.23833181,0.121820554,25,V
-0.53855306,0.42706898,0.33618233,0.9686857,0.83311844,0.3954627,-0.59605026,0.42136914,-0.13622285,0.44098848,25,?
0.12905082,0.10788144,0.27864566,1.3980235,0.6293178,0.6933427,-0.22732821,0.6639947,-0.1458443,0.57917684,25,!
-0.8969452,0.4499858,0.4484916,0.9042214,-0.3934492,0.82419544,0.18872079,0.25073656,0.060436025,1.0188247,25,&
-0.16164179,0.36810517,-1.0214388,0.04586291,-0.43305612,-0.63896066,0.81805456,0.69977534,0.6969834,0.74326056,25,%
0.8029896,-0.68702716,-0.01944048,-0.39982167,-0.07415704,0.23817688,-0.85962844,-0.3911886,0.5022776,-0.8318355,25,Z
-0.05542344,0.7987643,-0.069587894,0.81210905,0.038921706,0.82748103,0.70629984,-0.7724166,0.37620774,0.81000847,25,Q
0.45025378,0.71892935,-0.016565835,-0.16621469,1.5174154,-0.18356545,-0.6041088,-0.7241404,-0.13690595,0.09052134,25,/
0.0,0.0,0.0,0.0,0.0,0.0,0.0,0.0,0.0,0.0,25,~
